Steps = 363
Return = -132.0949418317963
Info = {'Typ1': 6043.1239848911, 'Typ2': 5762.309582888011, 'Typ3': 7692.70050455348, 'Typ4': 8275.97807866087, 'Typ5': 6552.164114964897, 'Warteschlangen': 11.81972602739728, 'Auslastung': 0.3465753424657535, 'Av_Warteschlangen': 2.602739726027396, 'Av_Auslastung': 0.40712328767123296, 'Soll': 0.861864299302473, 'episode': {'r': -132.094942, 'l': 363, 't': 826.9341, 'Typ1': 6043.1239848911, 'Typ2': 5762.309582888011, 'Typ3': 7692.70050455348, 'Typ4': 8275.97807866087, 'Typ5': 6552.164114964897, 'Warteschlangen': 11.81972602739728, 'Auslastung': 0.3465753424657535}}
Steps = 348
Return = -114.71383620986983
Info = {'Typ1': 3522.88608494902, 'Typ2': 4326.234461865951, 'Typ3': 6174.482379227618, 'Typ4': 7292.043502828167, 'Typ5': 5058.0924223001675, 'Warteschlangen': 10.065714285714307, 'Auslastung': 0.3622857142857144, 'Av_Warteschlangen': 2.073142857142856, 'Av_Auslastung': 0.42057142857142893, 'Soll': 0.8480586080586081, 'episode': {'r': -114.713836, 'l': 348, 't': 850.679952, 'Typ1': 3522.88608494902, 'Typ2': 4326.234461865951, 'Typ3': 6174.482379227618, 'Typ4': 7292.043502828167, 'Typ5': 5058.0924223001675, 'Warteschlangen': 10.065714285714307, 'Auslastung': 0.3622857142857144}}
Steps = 371
Return = -118.03598528022489
Info = {'Typ1': 4887.456985552975, 'Typ2': 3096.4291563133474, 'Typ3': 7418.732314843993, 'Typ4': 6411.82069196527, 'Typ5': 5199.990471637714, 'Warteschlangen': 13.79168900804289, 'Auslastung': 0.3184986595174264, 'Av_Warteschlangen': 2.8053619302949047, 'Av_Auslastung': 0.407506702412869, 'Soll': 0.8902511211858297, 'episode': {'r': -118.035985, 'l': 371, 't': 875.967999, 'Typ1': 4887.456985552975, 'Typ2': 3096.4291563133474, 'Typ3': 7418.732314843993, 'Typ4': 6411.82069196527, 'Typ5': 5199.990471637714, 'Warteschlangen': 13.79168900804289, 'Auslastung': 0.3184986595174264}}
Steps = 364
Return = -98.93232142516678
Info = {'Typ1': 3872.4828922121014, 'Typ2': 3348.8102682166436, 'Typ3': 5578.681304812669, 'Typ4': 4605.766528702975, 'Typ5': 5000.695472028362, 'Warteschlangen': 10.763114754098345, 'Auslastung': 0.29972677595628433, 'Av_Warteschlangen': 2.3912568306010895, 'Av_Auslastung': 0.39890710382513667, 'Soll': 0.8954589371980676, 'episode': {'r': -98.932321, 'l': 364, 't': 901.588587, 'Typ1': 3872.4828922121014, 'Typ2': 3348.8102682166436, 'Typ3': 5578.681304812669, 'Typ4': 4605.766528702975, 'Typ5': 5000.695472028362, 'Warteschlangen': 10.763114754098345, 'Auslastung': 0.29972677595628433}}
Steps = 377
Return = -141.39760570720648
Info = {'Typ1': 2651.366285612687, 'Typ2': 3222.7362881090166, 'Typ3': 4891.880484591985, 'Typ4': 4731.739624932005, 'Typ5': 4212.693099920806, 'Warteschlangen': 9.936939313984176, 'Auslastung': 0.31424802110817945, 'Av_Warteschlangen': 2.2385224274406306, 'Av_Auslastung': 0.3994722955145117, 'Soll': 0.8606153846153847, 'episode': {'r': -141.397606, 'l': 377, 't': 927.37014, 'Typ1': 2651.366285612687, 'Typ2': 3222.7362881090166, 'Typ3': 4891.880484591985, 'Typ4': 4731.739624932005, 'Typ5': 4212.693099920806, 'Warteschlangen': 9.936939313984176, 'Auslastung': 0.31424802110817945}}
