Steps = 353
Return = -93.69060220787519
Info = {'Typ1': 4514.020034485419, 'Typ2': 4152.506749729366, 'Typ3': 6606.246634694919, 'Typ4': 5366.098809649544, 'Typ5': 3779.016614049674, 'Warteschlangen': 12.139436619718298, 'Auslastung': 0.30619718309859156, 'Av_Warteschlangen': 2.864225352112676, 'Av_Auslastung': 0.4185915492957748, 'Soll': 0.8982625237793279, 'episode': {'r': -93.690602, 'l': 353, 't': 709.738867, 'Typ1': 4514.020034485419, 'Typ2': 4152.506749729366, 'Typ3': 6606.246634694919, 'Typ4': 5366.098809649544, 'Typ5': 3779.016614049674, 'Warteschlangen': 12.139436619718298, 'Auslastung': 0.30619718309859156}}
Steps = 347
Return = -100.35953243570262
Info = {'Typ1': 3425.613168965768, 'Typ2': 4804.411967554324, 'Typ3': 4741.22412242682, 'Typ4': 5414.24290255329, 'Typ5': 4938.5258179205375, 'Warteschlangen': 10.440114613180528, 'Auslastung': 0.3306590257879656, 'Av_Warteschlangen': 2.1971346704871055, 'Av_Auslastung': 0.4120343839541549, 'Soll': 0.9008424908424908, 'episode': {'r': -100.359532, 'l': 347, 't': 733.5232, 'Typ1': 3425.613168965768, 'Typ2': 4804.411967554324, 'Typ3': 4741.22412242682, 'Typ4': 5414.24290255329, 'Typ5': 4938.5258179205375, 'Warteschlangen': 10.440114613180528, 'Auslastung': 0.3306590257879656}}
Steps = 347
Return = -93.42880419670215
Info = {'Typ1': 3116.8828411402365, 'Typ2': 4834.73932139874, 'Typ3': 5689.887915639534, 'Typ4': 7676.839457823748, 'Typ5': 5783.104263122375, 'Warteschlangen': 10.808882521489979, 'Auslastung': 0.3584527220630373, 'Av_Warteschlangen': 2.2487106017191976, 'Av_Auslastung': 0.43381088825214886, 'Soll': 0.9122324734520303, 'episode': {'r': -93.428804, 'l': 347, 't': 757.17458, 'Typ1': 3116.8828411402365, 'Typ2': 4834.73932139874, 'Typ3': 5689.887915639534, 'Typ4': 7676.839457823748, 'Typ5': 5783.104263122375, 'Warteschlangen': 10.808882521489979, 'Auslastung': 0.3584527220630373}}
Steps = 349
Return = -100.46011232486407
Info = {'Typ1': 7472.573806799718, 'Typ2': 6145.404614352196, 'Typ3': 9964.518465516292, 'Typ4': 7983.256990200146, 'Typ5': 7975.847550274873, 'Warteschlangen': 11.214814814814838, 'Auslastung': 0.35498575498575496, 'Av_Warteschlangen': 2.8267806267806264, 'Av_Auslastung': 0.4250712250712257, 'Soll': 0.8677501725327812, 'episode': {'r': -100.460112, 'l': 349, 't': 780.344126, 'Typ1': 7472.573806799718, 'Typ2': 6145.404614352196, 'Typ3': 9964.518465516292, 'Typ4': 7983.256990200146, 'Typ5': 7975.847550274873, 'Warteschlangen': 11.214814814814838, 'Auslastung': 0.35498575498575496}}
Steps = 353
Return = -101.71106292249941
Info = {'Typ1': 5054.608722406291, 'Typ2': 5537.890824740296, 'Typ3': 7055.706820389206, 'Typ4': 6064.413637390351, 'Typ5': 6036.604546783627, 'Warteschlangen': 10.320563380281685, 'Auslastung': 0.3202816901408451, 'Av_Warteschlangen': 2.401690140845069, 'Av_Auslastung': 0.40901408450704263, 'Soll': 0.8741538461538461, 'episode': {'r': -101.711063, 'l': 353, 't': 804.077172, 'Typ1': 5054.608722406291, 'Typ2': 5537.890824740296, 'Typ3': 7055.706820389206, 'Typ4': 6064.413637390351, 'Typ5': 6036.604546783627, 'Warteschlangen': 10.320563380281685, 'Auslastung': 0.3202816901408451}}
