Steps = 307
Return = -22.89999999999998
Info = {'Typ1': 397.5476060569632, 'Typ2': 342.7268837999316, 'Typ3': 740.377796240144, 'Typ4': 981.9122264344207, 'Typ5': 1119.7009628730468, 'Warteschlangen': 0.5139158576051783, 'Auslastung': 0.3656957928802582, 'Av_Warteschlangen': 0.2233009708737861, 'Av_Auslastung': 0.4453074433656962, 'Soll': 0.8983783783783783, 'episode': {'r': -22.9, 'l': 307, 't': 30.563206, 'Typ1': 397.5476060569632, 'Typ2': 342.7268837999316, 'Typ3': 740.377796240144, 'Typ4': 981.9122264344207, 'Typ5': 1119.7009628730468, 'Warteschlangen': 0.5139158576051783, 'Auslastung': 0.3656957928802582}}
Steps = 315
Return = -26.38000000000001
Info = {'Typ1': 392.6725753309927, 'Typ2': 353.7103908952112, 'Typ3': 645.9411108366584, 'Typ4': 927.0897596379945, 'Typ5': 1154.791266954199, 'Warteschlangen': 1.1214511041009467, 'Auslastung': 0.35394321766561465, 'Av_Warteschlangen': 0.2643533123028389, 'Av_Auslastung': 0.43848580441640433, 'Soll': 0.8815584415584417, 'episode': {'r': -26.38, 'l': 315, 't': 61.92615, 'Typ1': 392.6725753309927, 'Typ2': 353.7103908952112, 'Typ3': 645.9411108366584, 'Typ4': 927.0897596379945, 'Typ5': 1154.791266954199, 'Warteschlangen': 1.1214511041009467, 'Auslastung': 0.35394321766561465}}
Steps = 310
Return = -27.359999999999978
Info = {'Typ1': 363.8388500852483, 'Typ2': 383.4946610136631, 'Typ3': 735.2245354736372, 'Typ4': 935.6168469230021, 'Typ5': 1389.2820723992907, 'Warteschlangen': 0.8442307692307696, 'Auslastung': 0.36570512820512746, 'Av_Warteschlangen': 0.2679487179487178, 'Av_Auslastung': 0.45064102564102626, 'Soll': 0.8840698520494785, 'episode': {'r': -27.36, 'l': 310, 't': 92.546671, 'Typ1': 363.8388500852483, 'Typ2': 383.4946610136631, 'Typ3': 735.2245354736372, 'Typ4': 935.6168469230021, 'Typ5': 1389.2820723992907, 'Warteschlangen': 0.8442307692307696, 'Auslastung': 0.36570512820512746}}
Steps = 311
Return = -25.54000000000001
Info = {'Typ1': 408.3704672635526, 'Typ2': 357.6955517056412, 'Typ3': 750.1023047073936, 'Typ4': 972.1821353049357, 'Typ5': 1483.6276381131818, 'Warteschlangen': 1.2571884984025565, 'Auslastung': 0.3670926517571881, 'Av_Warteschlangen': 0.33674121405750773, 'Av_Auslastung': 0.46453674121405714, 'Soll': 0.9080267558528428, 'episode': {'r': -25.54, 'l': 311, 't': 123.353224, 'Typ1': 408.3704672635526, 'Typ2': 357.6955517056412, 'Typ3': 750.1023047073936, 'Typ4': 972.1821353049357, 'Typ5': 1483.6276381131818, 'Warteschlangen': 1.2571884984025565, 'Auslastung': 0.3670926517571881}}
Steps = 305
Return = -16.499999999999996
Info = {'Typ1': 403.5547311170542, 'Typ2': 341.09483071442776, 'Typ3': 633.9226748904086, 'Typ4': 916.7013352094697, 'Typ5': 1063.096188003768, 'Warteschlangen': 0.4557003257328996, 'Auslastung': 0.3524429967426705, 'Av_Warteschlangen': 0.21172638436482102, 'Av_Auslastung': 0.444951140065147, 'Soll': 0.9257142857142856, 'episode': {'r': -16.5, 'l': 305, 't': 154.785565, 'Typ1': 403.5547311170542, 'Typ2': 341.09483071442776, 'Typ3': 633.9226748904086, 'Typ4': 916.7013352094697, 'Typ5': 1063.096188003768, 'Warteschlangen': 0.4557003257328996, 'Auslastung': 0.3524429967426705}}
