Steps = 355
Return = -116.22764722206504
Info = {'Typ1': 3697.740093557075, 'Typ2': 5311.048314630896, 'Typ3': 6148.320632595378, 'Typ4': 6672.555856212208, 'Typ5': 7089.926302564414, 'Warteschlangen': 10.722689075630258, 'Auslastung': 0.33893557422969206, 'Av_Warteschlangen': 2.3484593837534984, 'Av_Auslastung': 0.40672268907563053, 'Soll': 0.8657704502219403, 'episode': {'r': -116.227647, 'l': 355, 't': 155.117401, 'Typ1': 3697.740093557075, 'Typ2': 5311.048314630896, 'Typ3': 6148.320632595378, 'Typ4': 6672.555856212208, 'Typ5': 7089.926302564414, 'Warteschlangen': 10.722689075630258, 'Auslastung': 0.33893557422969206}}
Steps = 346
Return = -125.09138425117924
Info = {'Typ1': 3953.407558048011, 'Typ2': 4634.785652536461, 'Typ3': 5783.785554542931, 'Typ4': 8504.348835437486, 'Typ5': 6711.150135365828, 'Warteschlangen': 11.450287356321866, 'Auslastung': 0.38591954022988517, 'Av_Warteschlangen': 2.225862068965515, 'Av_Auslastung': 0.4356321839080465, 'Soll': 0.8702197802197802, 'episode': {'r': -125.091384, 'l': 346, 't': 179.086268, 'Typ1': 3953.407558048011, 'Typ2': 4634.785652536461, 'Typ3': 5783.785554542931, 'Typ4': 8504.348835437486, 'Typ5': 6711.150135365828, 'Warteschlangen': 11.450287356321866, 'Auslastung': 0.38591954022988517}}
Steps = 357
Return = -101.84956975183171
Info = {'Typ1': 3214.5449895737497, 'Typ2': 2820.849187373705, 'Typ3': 5389.474616476102, 'Typ4': 5314.285374042047, 'Typ5': 4222.324533989697, 'Warteschlangen': 13.693593314763229, 'Auslastung': 0.3183844011142063, 'Av_Warteschlangen': 2.4573816155988832, 'Av_Auslastung': 0.40947075208913647, 'Soll': 0.894708002883922, 'episode': {'r': -101.84957, 'l': 357, 't': 205.129607, 'Typ1': 3214.5449895737497, 'Typ2': 2820.849187373705, 'Typ3': 5389.474616476102, 'Typ4': 5314.285374042047, 'Typ5': 4222.324533989697, 'Warteschlangen': 13.693593314763229, 'Auslastung': 0.3183844011142063}}
Steps = 361
Return = -128.36682882189263
Info = {'Typ1': 4873.97023623292, 'Typ2': 6742.0470960492075, 'Typ3': 7086.371333589954, 'Typ4': 7271.18749749267, 'Typ5': 6115.850999464918, 'Warteschlangen': 13.420385674931133, 'Auslastung': 0.36501377410468305, 'Av_Warteschlangen': 2.7366391184573, 'Av_Auslastung': 0.4115702479338847, 'Soll': 0.8845410628019323, 'episode': {'r': -128.366829, 'l': 361, 't': 229.576151, 'Typ1': 4873.97023623292, 'Typ2': 6742.0470960492075, 'Typ3': 7086.371333589954, 'Typ4': 7271.18749749267, 'Typ5': 6115.850999464918, 'Warteschlangen': 13.420385674931133, 'Auslastung': 0.36501377410468305}}
Steps = 342
Return = -117.31294184217445
Info = {'Typ1': 2897.540315971227, 'Typ2': 5579.054032442423, 'Typ3': 5451.708133942972, 'Typ4': 7126.36809090094, 'Typ5': 6400.39698584261, 'Warteschlangen': 11.01860465116281, 'Auslastung': 0.35261627906976734, 'Av_Warteschlangen': 2.2331395348837204, 'Av_Auslastung': 0.4250000000000003, 'Soll': 0.8738461538461539, 'episode': {'r': -117.312942, 'l': 342, 't': 253.491992, 'Typ1': 2897.540315971227, 'Typ2': 5579.054032442423, 'Typ3': 5451.708133942972, 'Typ4': 7126.36809090094, 'Typ5': 6400.39698584261, 'Warteschlangen': 11.01860465116281, 'Auslastung': 0.35261627906976734}}
