Steps = 303
Return = -58.55056289007299
Info = {'Typ1': 366.81261029215915, 'Typ2': 384.707418760703, 'Typ3': 775.7676674770033, 'Typ4': 1298.523919896645, 'Typ5': 1190.1001134407043, 'Warteschlangen': 0.9875409836065567, 'Auslastung': 0.35540983606557336, 'Av_Warteschlangen': 0.3383606557377057, 'Av_Auslastung': 0.45967213114754096, 'Soll': 0.9384669488765874, 'episode': {'r': -58.550563, 'l': 303, 't': 29.435191, 'Typ1': 366.81261029215915, 'Typ2': 384.707418760703, 'Typ3': 775.7676674770033, 'Typ4': 1298.523919896645, 'Typ5': 1190.1001134407043, 'Warteschlangen': 0.9875409836065567, 'Auslastung': 0.35540983606557336}}
Steps = 311
Return = -55.85519110622424
Info = {'Typ1': 4014.408486702058, 'Typ2': 2475.9794520593373, 'Typ3': 6175.872215789517, 'Typ4': 5018.694485097201, 'Typ5': 3714.541700722655, 'Warteschlangen': 14.288817891373794, 'Auslastung': 0.37060702875399376, 'Av_Warteschlangen': 2.651757188498402, 'Av_Auslastung': 0.45559105431309954, 'Soll': 0.9667765567765567, 'episode': {'r': -55.855191, 'l': 311, 't': 52.649017, 'Typ1': 4014.408486702058, 'Typ2': 2475.9794520593373, 'Typ3': 6175.872215789517, 'Typ4': 5018.694485097201, 'Typ5': 3714.541700722655, 'Warteschlangen': 14.288817891373794, 'Auslastung': 0.37060702875399376}}
Steps = 306
Return = -51.85831853886939
Info = {'Typ1': 491.3866173476413, 'Typ2': 553.4988501412191, 'Typ3': 2201.324126212118, 'Typ4': 2340.9966977049194, 'Typ5': 2178.4171243239525, 'Warteschlangen': 8.0224025974026, 'Auslastung': 0.37272727272727213, 'Av_Warteschlangen': 1.2383116883116916, 'Av_Auslastung': 0.45194805194805254, 'Soll': 0.9799855803893294, 'episode': {'r': -51.858319, 'l': 306, 't': 80.843909, 'Typ1': 491.3866173476413, 'Typ2': 553.4988501412191, 'Typ3': 2201.324126212118, 'Typ4': 2340.9966977049194, 'Typ5': 2178.4171243239525, 'Warteschlangen': 8.0224025974026, 'Auslastung': 0.37272727272727213}}
Steps = 350
Return = -76.6598522847035
Info = {'Typ1': 5012.075141887486, 'Typ2': 5288.004362943264, 'Typ3': 7206.283005788469, 'Typ4': 7320.377435431432, 'Typ5': 6761.6560193118785, 'Warteschlangen': 11.568181818181813, 'Auslastung': 0.37500000000000006, 'Av_Warteschlangen': 2.811363636363637, 'Av_Auslastung': 0.4318181818181817, 'Soll': 0.9534506556245687, 'episode': {'r': -76.659852, 'l': 350, 't': 104.766537, 'Typ1': 5012.075141887486, 'Typ2': 5288.004362943264, 'Typ3': 7206.283005788469, 'Typ4': 7320.377435431432, 'Typ5': 6761.6560193118785, 'Warteschlangen': 11.568181818181813, 'Auslastung': 0.37500000000000006}}
Steps = 314
Return = -53.40999832431459
Info = {'Typ1': 1685.916240762774, 'Typ2': 1654.0620875257498, 'Typ3': 3588.386684583524, 'Typ4': 3584.978305732155, 'Typ5': 3003.8623452407855, 'Warteschlangen': 10.696835443037962, 'Auslastung': 0.3528481012658227, 'Av_Warteschlangen': 1.674050632911393, 'Av_Auslastung': 0.4500000000000004, 'Soll': 0.95, 'episode': {'r': -53.409998, 'l': 314, 't': 130.585931, 'Typ1': 1685.916240762774, 'Typ2': 1654.0620875257498, 'Typ3': 3588.386684583524, 'Typ4': 3584.978305732155, 'Typ5': 3003.8623452407855, 'Warteschlangen': 10.696835443037962, 'Auslastung': 0.3528481012658227}}
