Steps = 365
Return = -1363.9
Info = {'Typ1': 5086.150802723962, 'Typ2': 4723.375426550407, 'Typ3': 6442.821601306293, 'Typ4': 8072.8528971778815, 'Typ5': 7007.84473085872, 'Warteschlangen': 11.908719346049061, 'Auslastung': 8.16457765667575, 'Av_Warteschlangen': 2.4975476839237056, 'Av_Auslastung': 2.0228882833787463, 'Soll': 0.8239919557566615, 'episode': {'r': -1363.9, 'l': 365, 't': 3362.329087, 'Typ1': 5086.150802723962, 'Typ2': 4723.375426550407, 'Typ3': 6442.821601306293, 'Typ4': 8072.8528971778815, 'Typ5': 7007.84473085872, 'Warteschlangen': 11.908719346049061, 'Auslastung': 8.16457765667575}}
