Steps = 355
Return = -69.79999999999893
Info = {'Typ1': 1864.3014321143705, 'Typ2': 2659.989272378536, 'Typ3': 3977.900471239959, 'Typ4': 4771.590949425429, 'Typ5': 3832.1400120282633, 'Warteschlangen': 9.489075630252113, 'Auslastung': 4.623809523809527, 'Av_Warteschlangen': 1.8890756302521001, 'Av_Auslastung': 1.7154061624649857, 'Soll': 0.8865440710209258, 'episode': {'r': -69.8, 'l': 355, 't': 7037.423934, 'Typ1': 1864.3014321143705, 'Typ2': 2659.989272378536, 'Typ3': 3977.900471239959, 'Typ4': 4771.590949425429, 'Typ5': 3832.1400120282633, 'Warteschlangen': 9.489075630252113, 'Auslastung': 4.623809523809527}}
