Steps = 346
Return = -127.25699486004777
Info = {'Typ1': 4294.704712731831, 'Typ2': 4687.239201224072, 'Typ3': 6726.993453201175, 'Typ4': 7847.04448304915, 'Typ5': 5517.462970631877, 'Warteschlangen': 10.546264367816113, 'Auslastung': 0.3683908045977013, 'Av_Warteschlangen': 2.113793103448275, 'Av_Auslastung': 0.4149425287356327, 'Soll': 0.8453265694356373, 'episode': {'r': -127.256995, 'l': 346, 't': 7413.99195, 'Typ1': 4294.704712731831, 'Typ2': 4687.239201224072, 'Typ3': 6726.993453201175, 'Typ4': 7847.04448304915, 'Typ5': 5517.462970631877, 'Warteschlangen': 10.546264367816113, 'Auslastung': 0.3683908045977013}}
Steps = 362
Return = -127.96557373049338
Info = {'Typ1': 4793.3213926297685, 'Typ2': 2502.657772367458, 'Typ3': 8548.099765772473, 'Typ4': 5082.152018233261, 'Typ5': 4946.598074977567, 'Warteschlangen': 15.457692307692316, 'Auslastung': 0.3505494505494504, 'Av_Warteschlangen': 2.5928571428571447, 'Av_Auslastung': 0.4032967032967035, 'Soll': 0.8615018315018315, 'episode': {'r': -127.965574, 'l': 362, 't': 7438.415324, 'Typ1': 4793.3213926297685, 'Typ2': 2502.657772367458, 'Typ3': 8548.099765772473, 'Typ4': 5082.152018233261, 'Typ5': 4946.598074977567, 'Warteschlangen': 15.457692307692316, 'Auslastung': 0.3505494505494504}}
Steps = 363
Return = -120.75781256717221
Info = {'Typ1': 5918.12253855007, 'Typ2': 3985.9782365190645, 'Typ3': 7823.754375198187, 'Typ4': 5046.360845676821, 'Typ5': 5633.9230109527425, 'Warteschlangen': 15.024383561643834, 'Auslastung': 0.3413698630136987, 'Av_Warteschlangen': 2.819178082191781, 'Av_Auslastung': 0.4049315068493151, 'Soll': 0.8858543619322278, 'episode': {'r': -120.757813, 'l': 363, 't': 7461.700894, 'Typ1': 5918.12253855007, 'Typ2': 3985.9782365190645, 'Typ3': 7823.754375198187, 'Typ4': 5046.360845676821, 'Typ5': 5633.9230109527425, 'Warteschlangen': 15.024383561643834, 'Auslastung': 0.3413698630136987}}
Steps = 371
Return = -112.58765366186017
Info = {'Typ1': 3424.5458554865245, 'Typ2': 4198.902864766498, 'Typ3': 6077.364158978407, 'Typ4': 6472.840949617052, 'Typ5': 5234.217444163149, 'Warteschlangen': 10.396782841823066, 'Auslastung': 0.3402144772117963, 'Av_Warteschlangen': 2.2589812332439663, 'Av_Auslastung': 0.406970509383378, 'Soll': 0.8882505175983436, 'episode': {'r': -112.587654, 'l': 371, 't': 7485.568535, 'Typ1': 3424.5458554865245, 'Typ2': 4198.902864766498, 'Typ3': 6077.364158978407, 'Typ4': 6472.840949617052, 'Typ5': 5234.217444163149, 'Warteschlangen': 10.396782841823066, 'Auslastung': 0.3402144772117963}}
Steps = 354
Return = -104.36981357526123
Info = {'Typ1': 5269.939405862459, 'Typ2': 3612.978610794584, 'Typ3': 7790.9571618905575, 'Typ4': 4625.230021656206, 'Typ5': 4773.595422989457, 'Warteschlangen': 13.173595505617971, 'Auslastung': 0.33061797752808986, 'Av_Warteschlangen': 2.5842696629213484, 'Av_Auslastung': 0.40955056179775307, 'Soll': 0.8950769230769232, 'episode': {'r': -104.369814, 'l': 354, 't': 7509.025105, 'Typ1': 5269.939405862459, 'Typ2': 3612.978610794584, 'Typ3': 7790.9571618905575, 'Typ4': 4625.230021656206, 'Typ5': 4773.595422989457, 'Warteschlangen': 13.173595505617971, 'Auslastung': 0.33061797752808986}}
