Steps = 308
Return = -116.62677154671145
Info = {'Typ1': 647.3661678425872, 'Typ2': 344.52685739984133, 'Typ3': 776.5249150458221, 'Typ4': 0.0, 'Typ5': 1524.155383521917, 'Warteschlangen': 1.6745161290322577, 'Auslastung': 0.40225806451612806, 'Av_Warteschlangen': 0.4296774193548385, 'Av_Auslastung': 0.44516129032258156, 'Soll': 0.7485714285714286, 'episode': {'r': -116.626772, 'l': 308, 't': 7306.824712, 'Typ1': 647.3661678425872, 'Typ2': 344.52685739984133, 'Typ3': 776.5249150458221, 'Typ4': 0.0, 'Typ5': 1524.155383521917, 'Warteschlangen': 1.6745161290322577, 'Auslastung': 0.40225806451612806}}
Steps = 303
Return = -106.35477098187812
Info = {'Typ1': 447.9246029129001, 'Typ2': 338.7130370934309, 'Typ3': 745.8461593402931, 'Typ4': 0.0, 'Typ5': 1087.5656411675907, 'Warteschlangen': 0.7393442622950824, 'Auslastung': 0.3960655737704907, 'Av_Warteschlangen': 0.2452459016393442, 'Av_Auslastung': 0.4406557377049188, 'Soll': 0.7212121212121212, 'episode': {'r': -106.354771, 'l': 303, 't': 7335.148094, 'Typ1': 447.9246029129001, 'Typ2': 338.7130370934309, 'Typ3': 745.8461593402931, 'Typ4': 0.0, 'Typ5': 1087.5656411675907, 'Warteschlangen': 0.7393442622950824, 'Auslastung': 0.3960655737704907}}
Steps = 306
Return = -118.90922471408689
Info = {'Typ1': 603.1659312659382, 'Typ2': 354.53364942101757, 'Typ3': 1120.1506149161914, 'Typ4': 0.0, 'Typ5': 1051.9349875355563, 'Warteschlangen': 1.912337662337665, 'Auslastung': 0.4237012987012978, 'Av_Warteschlangen': 0.4668831168831158, 'Av_Auslastung': 0.4487012987012995, 'Soll': 0.7419354838709677, 'episode': {'r': -118.909225, 'l': 306, 't': 7363.434282, 'Typ1': 603.1659312659382, 'Typ2': 354.53364942101757, 'Typ3': 1120.1506149161914, 'Typ4': 0.0, 'Typ5': 1051.9349875355563, 'Warteschlangen': 1.912337662337665, 'Auslastung': 0.4237012987012978}}
Steps = 305
Return = -120.44844198826246
Info = {'Typ1': 440.5422187166957, 'Typ2': 339.2486597863854, 'Typ3': 1058.9963335058014, 'Typ4': 0.0, 'Typ5': 1427.3480198880115, 'Warteschlangen': 1.4944625407166114, 'Auslastung': 0.3902280130293148, 'Av_Warteschlangen': 0.3973941368078182, 'Av_Auslastung': 0.4397394136807827, 'Soll': 0.7230769230769231, 'episode': {'r': -120.448442, 'l': 305, 't': 7391.724298, 'Typ1': 440.5422187166957, 'Typ2': 339.2486597863854, 'Typ3': 1058.9963335058014, 'Typ4': 0.0, 'Typ5': 1427.3480198880115, 'Warteschlangen': 1.4944625407166114, 'Auslastung': 0.3902280130293148}}
