Steps = 335
Return = -119.31745083275571
Info = {'Typ1': 400.8259214436344, 'Typ2': 3259.143832338565, 'Typ3': 7568.343264934583, 'Typ4': 4275.5193482945615, 'Typ5': 2906.9073441489522, 'Warteschlangen': 9.91305637982196, 'Auslastung': 0.37774480712166136, 'Av_Warteschlangen': 1.7584569732937687, 'Av_Auslastung': 0.42433234421365046, 'Soll': 0.7379355258873332, 'episode': {'r': -119.317451, 'l': 335, 't': 7648.257108, 'Typ1': 400.8259214436344, 'Typ2': 3259.143832338565, 'Typ3': 7568.343264934583, 'Typ4': 4275.5193482945615, 'Typ5': 2906.9073441489522, 'Warteschlangen': 9.91305637982196, 'Auslastung': 0.37774480712166136}}
Steps = 338
Return = -117.82583394613654
Info = {'Typ1': 393.03299870043406, 'Typ2': 3140.2994619648493, 'Typ3': 8220.010331317748, 'Typ4': 6607.145358863838, 'Typ5': 3518.2580522058456, 'Warteschlangen': 11.678235294117666, 'Auslastung': 0.3785294117647056, 'Av_Warteschlangen': 2.001176470588236, 'Av_Auslastung': 0.40941176470588314, 'Soll': 0.755018315018315, 'episode': {'r': -117.825834, 'l': 338, 't': 7679.470508, 'Typ1': 393.03299870043406, 'Typ2': 3140.2994619648493, 'Typ3': 8220.010331317748, 'Typ4': 6607.145358863838, 'Typ5': 3518.2580522058456, 'Warteschlangen': 11.678235294117666, 'Auslastung': 0.3785294117647056}}
Steps = 329
Return = -117.55621087619473
Info = {'Typ1': 459.4242113269943, 'Typ2': 3023.6256006610024, 'Typ3': 7428.073051919565, 'Typ4': 0.0, 'Typ5': 3414.392189268937, 'Warteschlangen': 10.015709969788528, 'Auslastung': 0.40211480362537727, 'Av_Warteschlangen': 1.8120845921450157, 'Av_Auslastung': 0.4253776435045326, 'Soll': 0.7643835616438356, 'episode': {'r': -117.556211, 'l': 329, 't': 7710.50628, 'Typ1': 459.4242113269943, 'Typ2': 3023.6256006610024, 'Typ3': 7428.073051919565, 'Typ4': 0.0, 'Typ5': 3414.392189268937, 'Warteschlangen': 10.015709969788528, 'Auslastung': 0.40211480362537727}}
Steps = 336
Return = -122.8773592242004
Info = {'Typ1': 393.51199633585793, 'Typ2': 3308.112845703695, 'Typ3': 8445.462734248222, 'Typ4': 7355.210605865554, 'Typ5': 4207.743996880336, 'Warteschlangen': 10.272485207100603, 'Auslastung': 0.3997041420118341, 'Av_Warteschlangen': 1.889940828402367, 'Av_Auslastung': 0.4201183431952667, 'Soll': 0.7811594202898551, 'episode': {'r': -122.877359, 'l': 336, 't': 7740.807249, 'Typ1': 393.51199633585793, 'Typ2': 3308.112845703695, 'Typ3': 8445.462734248222, 'Typ4': 7355.210605865554, 'Typ5': 4207.743996880336, 'Warteschlangen': 10.272485207100603, 'Auslastung': 0.3997041420118341}}
