Steps = 363
Return = -159.99999999999997
Info = {'Typ1': 6043.1239848911, 'Typ2': 5762.309582888011, 'Typ3': 7692.70050455348, 'Typ4': 8275.97807866087, 'Typ5': 6552.164114964897, 'Warteschlangen': 11.81972602739728, 'Auslastung': 0.3465753424657535, 'Av_Warteschlangen': 2.602739726027396, 'Av_Auslastung': 0.40712328767123296, 'Soll': 0.861864299302473, 'episode': {'r': -160.0, 'l': 363, 't': 980.924083, 'Typ1': 6043.1239848911, 'Typ2': 5762.309582888011, 'Typ3': 7692.70050455348, 'Typ4': 8275.97807866087, 'Typ5': 6552.164114964897, 'Warteschlangen': 11.81972602739728, 'Auslastung': 0.3465753424657535}}
