Steps = 305
Return = -61.85999999999997
Info = {'Typ1': 424.90228104687924, 'Typ2': 383.23835906668035, 'Typ3': 1128.6465483989837, 'Typ4': 1408.6088545502985, 'Typ5': 1153.2017416786607, 'Warteschlangen': 2.3693811074918587, 'Auslastung': 0.38469055374592775, 'Av_Warteschlangen': 0.5166123778501629, 'Av_Auslastung': 0.4664495114006517, 'Soll': 0.8442105263157895, 'episode': {'r': -61.86, 'l': 305, 't': 845.028598, 'Typ1': 424.90228104687924, 'Typ2': 383.23835906668035, 'Typ3': 1128.6465483989837, 'Typ4': 1408.6088545502985, 'Typ5': 1153.2017416786607, 'Warteschlangen': 2.3693811074918587, 'Auslastung': 0.38469055374592775}}
Steps = 309
Return = -58.839999999999826
Info = {'Typ1': 435.6676183422584, 'Typ2': 473.834984698341, 'Typ3': 1472.9363773789719, 'Typ4': 1208.585625142552, 'Typ5': 2095.1764332208922, 'Warteschlangen': 3.8652733118971034, 'Auslastung': 0.35723472668810236, 'Av_Warteschlangen': 0.6700964630225075, 'Av_Auslastung': 0.4463022508038594, 'Soll': 0.8431168831168832, 'episode': {'r': -58.84, 'l': 309, 't': 874.916452, 'Typ1': 435.6676183422584, 'Typ2': 473.834984698341, 'Typ3': 1472.9363773789719, 'Typ4': 1208.585625142552, 'Typ5': 2095.1764332208922, 'Warteschlangen': 3.8652733118971034, 'Auslastung': 0.35723472668810236}}
Steps = 355
Return = -104.65999999999991
Info = {'Typ1': 1690.0088366306684, 'Typ2': 1556.3009701460958, 'Typ3': 3537.417130817027, 'Typ4': 3368.963708474754, 'Typ5': 3579.5549271626824, 'Warteschlangen': 11.456022408963566, 'Auslastung': 0.3588235294117644, 'Av_Warteschlangen': 1.9232492997198887, 'Av_Auslastung': 0.42801120448179275, 'Soll': 0.9115789473684209, 'episode': {'r': -104.66, 'l': 355, 't': 903.599813, 'Typ1': 1690.0088366306684, 'Typ2': 1556.3009701460958, 'Typ3': 3537.417130817027, 'Typ4': 3368.963708474754, 'Typ5': 3579.5549271626824, 'Warteschlangen': 11.456022408963566, 'Auslastung': 0.3588235294117644}}
Steps = 318
Return = -71.67999999999988
Info = {'Typ1': 407.46236753183035, 'Typ2': 380.8545738856792, 'Typ3': 1348.7660277197167, 'Typ4': 1587.2888998722367, 'Typ5': 1631.8471684884137, 'Warteschlangen': 4.208125, 'Auslastung': 0.33999999999999964, 'Av_Warteschlangen': 0.8024999999999999, 'Av_Auslastung': 0.4481250000000001, 'Soll': 0.8813675213675214, 'episode': {'r': -71.68, 'l': 318, 't': 931.986842, 'Typ1': 407.46236753183035, 'Typ2': 380.8545738856792, 'Typ3': 1348.7660277197167, 'Typ4': 1587.2888998722367, 'Typ5': 1631.8471684884137, 'Warteschlangen': 4.208125, 'Auslastung': 0.33999999999999964}}
Steps = 303
Return = -52.17999999999999
Info = {'Typ1': 363.1747465481933, 'Typ2': 358.49794481900716, 'Typ3': 694.5923564873962, 'Typ4': 907.7748136806849, 'Typ5': 782.9501073665122, 'Warteschlangen': 0.46918032786885094, 'Auslastung': 0.3573770491803273, 'Av_Warteschlangen': 0.20262295081967285, 'Av_Auslastung': 0.44721311475409864, 'Soll': 0.8368571428571429, 'episode': {'r': -52.18, 'l': 303, 't': 959.45382, 'Typ1': 363.1747465481933, 'Typ2': 358.49794481900716, 'Typ3': 694.5923564873962, 'Typ4': 907.7748136806849, 'Typ5': 782.9501073665122, 'Warteschlangen': 0.46918032786885094, 'Auslastung': 0.3573770491803273}}
