Steps = 361
Return = -402.8002583155874
Info = {'Typ1': 3292.494842681301, 'Typ2': 3422.113200857826, 'Typ3': 5093.268816098222, 'Typ4': 6405.205947851371, 'Typ5': 5289.942537427319, 'Warteschlangen': 11.072727272727288, 'Auslastung': 5.597796143250688, 'Av_Warteschlangen': 2.229201101928371, 'Av_Auslastung': 1.8137741046831934, 'Soll': 0.852488038277512, 'episode': {'r': -402.800258, 'l': 361, 't': 6468.231682, 'Typ1': 3292.494842681301, 'Typ2': 3422.113200857826, 'Typ3': 5093.268816098222, 'Typ4': 6405.205947851371, 'Typ5': 5289.942537427319, 'Warteschlangen': 11.072727272727288, 'Auslastung': 5.597796143250688}}
Steps = 362
Return = -411.40305533371816
Info = {'Typ1': 4084.719744613624, 'Typ2': 4420.153256752263, 'Typ3': 6342.938704968111, 'Typ4': 6567.382729344878, 'Typ5': 5784.891075798816, 'Warteschlangen': 13.236538461538483, 'Auslastung': 5.629120879120878, 'Av_Warteschlangen': 2.6626373626373607, 'Av_Auslastung': 1.8697802197802202, 'Soll': 0.844569597069597, 'episode': {'r': -411.403055, 'l': 362, 't': 6490.450684, 'Typ1': 4084.719744613624, 'Typ2': 4420.153256752263, 'Typ3': 6342.938704968111, 'Typ4': 6567.382729344878, 'Typ5': 5784.891075798816, 'Warteschlangen': 13.236538461538483, 'Auslastung': 5.629120879120878}}
Steps = 359
Return = -456.50059773283243
Info = {'Typ1': 4789.779423309107, 'Typ2': 5433.320941631127, 'Typ3': 6714.056153149125, 'Typ4': 6597.1335666266195, 'Typ5': 5763.44769549187, 'Warteschlangen': 12.548753462603882, 'Auslastung': 9.111357340720213, 'Av_Warteschlangen': 2.7811634349030463, 'Av_Auslastung': 2.1191135734072035, 'Soll': 0.8746935832732516, 'episode': {'r': -456.500598, 'l': 359, 't': 6513.499569, 'Typ1': 4789.779423309107, 'Typ2': 5433.320941631127, 'Typ3': 6714.056153149125, 'Typ4': 6597.1335666266195, 'Typ5': 5763.44769549187, 'Warteschlangen': 12.548753462603882, 'Auslastung': 9.111357340720213}}
Steps = 351
Return = -392.3763733567563
Info = {'Typ1': 3581.8325257800425, 'Typ2': 4872.864100034662, 'Typ3': 5772.77365319545, 'Typ4': 7343.118983913158, 'Typ5': 5919.468001727464, 'Warteschlangen': 10.682719546742236, 'Auslastung': 6.056090651558072, 'Av_Warteschlangen': 2.232861189801697, 'Av_Auslastung': 1.9495750708215296, 'Soll': 0.84916204974197, 'episode': {'r': -392.376373, 'l': 351, 't': 6536.586502, 'Typ1': 3581.8325257800425, 'Typ2': 4872.864100034662, 'Typ3': 5772.77365319545, 'Typ4': 7343.118983913158, 'Typ5': 5919.468001727464, 'Warteschlangen': 10.682719546742236, 'Auslastung': 6.056090651558072}}
Steps = 362
Return = -431.7395367043721
Info = {'Typ1': 6035.983065393743, 'Typ2': 5563.967332970475, 'Typ3': 8567.310162036392, 'Typ4': 8649.96226765645, 'Typ5': 5826.704448402633, 'Warteschlangen': 11.27994505494505, 'Auslastung': 6.3412087912088, 'Av_Warteschlangen': 2.671978021978024, 'Av_Auslastung': 2.027472527472529, 'Soll': 0.8577777777777778, 'episode': {'r': -431.739537, 'l': 362, 't': 6559.895541, 'Typ1': 6035.983065393743, 'Typ2': 5563.967332970475, 'Typ3': 8567.310162036392, 'Typ4': 8649.96226765645, 'Typ5': 5826.704448402633, 'Warteschlangen': 11.27994505494505, 'Auslastung': 6.3412087912088}}
