Steps = 303
Return = -194.0185741349141
Info = {'Typ1': 358.264035847216, 'Typ2': 359.148990682749, 'Typ3': 1266.8195283641398, 'Typ4': 1338.1952702761178, 'Typ5': 1594.340746959314, 'Warteschlangen': 2.2862295081967217, 'Auslastung': 2.5800000000000005, 'Av_Warteschlangen': 0.6190163934426226, 'Av_Auslastung': 1.1672131147540983, 'Soll': 0.9152452153110048, 'episode': {'r': -194.018574, 'l': 303, 't': 6344.966068, 'Typ1': 358.264035847216, 'Typ2': 359.148990682749, 'Typ3': 1266.8195283641398, 'Typ4': 1338.1952702761178, 'Typ5': 1594.340746959314, 'Warteschlangen': 2.2862295081967217, 'Auslastung': 2.5800000000000005}}
Steps = 303
Return = -308.18295400533515
Info = {'Typ1': 378.63130645017117, 'Typ2': 338.37514706442613, 'Typ3': 881.9646848865904, 'Typ4': 986.0874126911046, 'Typ5': 943.0157760061466, 'Warteschlangen': 0.5859016393442615, 'Auslastung': 9.06262295081967, 'Av_Warteschlangen': 0.26360655737704974, 'Av_Auslastung': 1.7698360655737708, 'Soll': 0.8991025641025641, 'episode': {'r': -308.182954, 'l': 303, 't': 6370.459768, 'Typ1': 378.63130645017117, 'Typ2': 338.37514706442613, 'Typ3': 881.9646848865904, 'Typ4': 986.0874126911046, 'Typ5': 943.0157760061466, 'Warteschlangen': 0.5859016393442615, 'Auslastung': 9.06262295081967}}
Steps = 303
Return = -223.06949194938116
Info = {'Typ1': 407.7292051889418, 'Typ2': 397.498752574843, 'Typ3': 1053.292031900859, 'Typ4': 1019.4618315354463, 'Typ5': 1338.757028632578, 'Warteschlangen': 1.432459016393442, 'Auslastung': 3.1996721311475413, 'Av_Warteschlangen': 0.4150819672131154, 'Av_Auslastung': 1.2445901639344266, 'Soll': 0.9205092485101772, 'episode': {'r': -223.069492, 'l': 303, 't': 6395.356053, 'Typ1': 407.7292051889418, 'Typ2': 397.498752574843, 'Typ3': 1053.292031900859, 'Typ4': 1019.4618315354463, 'Typ5': 1338.757028632578, 'Warteschlangen': 1.432459016393442, 'Auslastung': 3.1996721311475413}}
Steps = 304
Return = -203.47278363162215
Info = {'Typ1': 375.97990408671336, 'Typ2': 344.3680566475335, 'Typ3': 1185.5716339354333, 'Typ4': 1182.0249670147007, 'Typ5': 1428.1194690760879, 'Warteschlangen': 1.7921568627451, 'Auslastung': 2.992810457516341, 'Av_Warteschlangen': 0.495424836601307, 'Av_Auslastung': 1.2529411764705882, 'Soll': 0.9057193772761007, 'episode': {'r': -203.472784, 'l': 304, 't': 6420.285612, 'Typ1': 375.97990408671336, 'Typ2': 344.3680566475335, 'Typ3': 1185.5716339354333, 'Typ4': 1182.0249670147007, 'Typ5': 1428.1194690760879, 'Warteschlangen': 1.7921568627451, 'Auslastung': 2.992810457516341}}
Steps = 303
Return = -346.5873434509003
Info = {'Typ1': 420.22843466461205, 'Typ2': 345.76230600108187, 'Typ3': 946.0826529957072, 'Typ4': 947.1097047667166, 'Typ5': 1138.8145399298216, 'Warteschlangen': 0.5570491803278683, 'Auslastung': 9.679344262295084, 'Av_Warteschlangen': 0.2714754098360665, 'Av_Auslastung': 1.7855737704918038, 'Soll': 0.8910924369747899, 'episode': {'r': -346.587343, 'l': 303, 't': 6445.289192, 'Typ1': 420.22843466461205, 'Typ2': 345.76230600108187, 'Typ3': 946.0826529957072, 'Typ4': 947.1097047667166, 'Typ5': 1138.8145399298216, 'Warteschlangen': 0.5570491803278683, 'Auslastung': 9.679344262295084}}
