ecSteps = 341
Return = -201.86000000000033
Info = {'Typ1': 522.558019994927, 'Typ2': 425.97615536637363, 'Typ3': 0.0, 'Typ4': 8600.336861844056, 'Typ5': 0.0, 'Warteschlangen': 7.272011661807582, 'Auslastung': 0.4212827988338188, 'Av_Warteschlangen': 1.3953352769679248, 'Av_Auslastung': 0.41982507288629956, 'Soll': 0.42168674698795183, 'episode': {'r': -201.86, 'l': 341, 't': 67.365377, 'Typ1': 522.558019994927, 'Typ2': 425.97615536637363, 'Typ3': 0.0, 'Typ4': 8600.336861844056, 'Typ5': 0.0, 'Warteschlangen': 7.272011661807582, 'Auslastung': 0.4212827988338188}}
Steps = 352
Return = -77.59999999999994
Info = {'Typ1': 481.66292951491806, 'Typ2': 1749.666703854657, 'Typ3': 5089.225752579715, 'Typ4': 3277.421009102643, 'Typ5': 3646.67566291255, 'Warteschlangen': 9.35282485875707, 'Auslastung': 0.39350282485875654, 'Av_Warteschlangen': 1.6836158192090427, 'Av_Auslastung': 0.4005649717514131, 'Soll': 0.8226839826839827, 'episode': {'r': -77.6, 'l': 352, 't': 100.702422, 'Typ1': 481.66292951491806, 'Typ2': 1749.666703854657, 'Typ3': 5089.225752579715, 'Typ4': 3277.421009102643, 'Typ5': 3646.67566291255, 'Warteschlangen': 9.35282485875707, 'Auslastung': 0.39350282485875654}}
Steps = 340
Return = -195.66000000000025
Info = {'Typ1': 647.6309605626158, 'Typ2': 339.988708359979, 'Typ3': 0.0, 'Typ4': 8962.372957525384, 'Typ5': 0.0, 'Warteschlangen': 7.718713450292407, 'Auslastung': 0.45175438596491296, 'Av_Warteschlangen': 1.4228070175438536, 'Av_Auslastung': 0.43157894736842284, 'Soll': 0.4164383561643835, 'episode': {'r': -195.66, 'l': 340, 't': 133.890604, 'Typ1': 647.6309605626158, 'Typ2': 339.988708359979, 'Typ3': 0.0, 'Typ4': 8962.372957525384, 'Typ5': 0.0, 'Warteschlangen': 7.718713450292407, 'Auslastung': 0.45175438596491296}}
Steps = 346
Return = -209.8600000000003
Info = {'Typ1': 485.29864558282947, 'Typ2': 344.17940838123303, 'Typ3': 0.0, 'Typ4': 9463.845014525808, 'Typ5': 0.0, 'Warteschlangen': 7.381321839080462, 'Auslastung': 0.42442528735632196, 'Av_Warteschlangen': 1.4327586206896508, 'Av_Auslastung': 0.42183908045977164, 'Soll': 0.41159420289855075, 'episode': {'r': -209.86, 'l': 346, 't': 167.148171, 'Typ1': 485.29864558282947, 'Typ2': 344.17940838123303, 'Typ3': 0.0, 'Typ4': 9463.845014525808, 'Typ5': 0.0, 'Warteschlangen': 7.381321839080462, 'Auslastung': 0.42442528735632196}}
Steps = 349
Return = -214.62000000000026
Info = {'Typ1': 766.8748662884516, 'Typ2': 271.51554315019746, 'Typ3': 0.0, 'Typ4': 8307.601604296822, 'Typ5': 0.0, 'Warteschlangen': 7.516524216524213, 'Auslastung': 0.4022792022792016, 'Av_Warteschlangen': 1.5276353276353236, 'Av_Auslastung': 0.40854700854701037, 'Soll': 0.41538461538461535, 'episode': {'r': -214.62, 'l': 349, 't': 200.404912, 'Typ1': 766.8748662884516, 'Typ2': 271.51554315019746, 'Typ3': 0.0, 'Typ4': 8307.601604296822, 'Typ5': 0.0, 'Warteschlangen': 7.516524216524213, 'Auslastung': 0.4022792022792016}}
