Steps = 319
Return = -101.0
Info = {'Typ1': 410.8851068764559, 'Typ2': 615.7207048000157, 'Typ3': 2029.6842112315105, 'Typ4': 0.0, 'Typ5': 0.0, 'Warteschlangen': 4.511214953271029, 'Auslastung': 6899.936448598129, 'Av_Warteschlangen': 0.7439252336448601, 'Av_Auslastung': 45.637383177570115, 'Soll': 0.5156626506024097, 'episode': {'r': -101.0, 'l': 319, 't': 8015.215342, 'Typ1': 410.8851068764559, 'Typ2': 615.7207048000157, 'Typ3': 2029.6842112315105, 'Typ4': 0.0, 'Typ5': 0.0, 'Warteschlangen': 4.511214953271029, 'Auslastung': 6899.936448598129}}
Steps = 330
Return = -30.0
Info = {'Typ1': 401.9042289204691, 'Typ2': 336.6406840105988, 'Typ3': 1691.706866287923, 'Typ4': 1097.0915156809904, 'Typ5': 1115.6097957129468, 'Warteschlangen': 3.431626506024099, 'Auslastung': 318.6451807228915, 'Av_Warteschlangen': 0.5855421686746988, 'Av_Auslastung': 10.016265060240967, 'Soll': 0.8346520146520147, 'episode': {'r': -30.0, 'l': 330, 't': 8046.313667, 'Typ1': 401.9042289204691, 'Typ2': 336.6406840105988, 'Typ3': 1691.706866287923, 'Typ4': 1097.0915156809904, 'Typ5': 1115.6097957129468, 'Warteschlangen': 3.431626506024099, 'Auslastung': 318.6451807228915}}
Steps = 347
Return = -35.0
Info = {'Typ1': 404.7892659409312, 'Typ2': 530.8977952870232, 'Typ3': 4190.989849317356, 'Typ4': 4244.56647972235, 'Typ5': 2142.72847798103, 'Warteschlangen': 7.873065902578805, 'Auslastung': 107.08739255014326, 'Av_Warteschlangen': 1.2045845272206324, 'Av_Auslastung': 5.535243553008595, 'Soll': 0.8435835351089589, 'episode': {'r': -35.0, 'l': 347, 't': 8078.586844, 'Typ1': 404.7892659409312, 'Typ2': 530.8977952870232, 'Typ3': 4190.989849317356, 'Typ4': 4244.56647972235, 'Typ5': 2142.72847798103, 'Warteschlangen': 7.873065902578805, 'Auslastung': 107.08739255014326}}
Steps = 341
Return = -35.0
Info = {'Typ1': 368.00814176200004, 'Typ2': 601.7467603047696, 'Typ3': 3928.8490427454894, 'Typ4': 3017.724043099634, 'Typ5': 1911.5690820190305, 'Warteschlangen': 6.494460641399418, 'Auslastung': 160.2871720116618, 'Av_Warteschlangen': 1.047813411078719, 'Av_Auslastung': 6.099708454810497, 'Soll': 0.8213768115942027, 'episode': {'r': -35.0, 'l': 341, 't': 8109.936747, 'Typ1': 368.00814176200004, 'Typ2': 601.7467603047696, 'Typ3': 3928.8490427454894, 'Typ4': 3017.724043099634, 'Typ5': 1911.5690820190305, 'Warteschlangen': 6.494460641399418, 'Auslastung': 160.2871720116618}}
