Steps = 333
Return = -39.0
Info = {'Typ1': 2167.2680043950513, 'Typ2': 493.5088877425713, 'Typ3': 1525.557110021802, 'Typ4': 4079.861142070756, 'Typ5': 5742.323156409688, 'Warteschlangen': 9.258805970149252, 'Auslastung': 675.688358208955, 'Av_Warteschlangen': 1.7110447761194014, 'Av_Auslastung': 16.238208955223882, 'Soll': 0.7357659208261618, 'episode': {'r': -39.0, 'l': 333, 't': 8228.713212, 'Typ1': 2167.2680043950513, 'Typ2': 493.5088877425713, 'Typ3': 1525.557110021802, 'Typ4': 4079.861142070756, 'Typ5': 5742.323156409688, 'Warteschlangen': 9.258805970149252, 'Auslastung': 675.688358208955}}
Steps = 341
Return = -37.0
Info = {'Typ1': 1253.4332339079008, 'Typ2': 888.2543653736992, 'Typ3': 2223.5013598228056, 'Typ4': 4282.984696161227, 'Typ5': 1837.6627981164136, 'Warteschlangen': 7.3836734693877695, 'Auslastung': 650.6702623906702, 'Av_Warteschlangen': 1.4303206997084512, 'Av_Auslastung': 16.14810495626823, 'Soll': 0.7825174825174825, 'episode': {'r': -37.0, 'l': 341, 't': 8260.454379, 'Typ1': 1253.4332339079008, 'Typ2': 888.2543653736992, 'Typ3': 2223.5013598228056, 'Typ4': 4282.984696161227, 'Typ5': 1837.6627981164136, 'Warteschlangen': 7.3836734693877695, 'Auslastung': 650.6702623906702}}
Steps = 353
Return = -59.0
Info = {'Typ1': 1335.331479130186, 'Typ2': 1237.1101911522826, 'Typ3': 1915.1293523784914, 'Typ4': 5487.282741206469, 'Typ5': 1055.6143351693408, 'Warteschlangen': 8.083661971830976, 'Auslastung': 1364.4242253521118, 'Av_Warteschlangen': 1.6078873239436609, 'Av_Auslastung': 22.06591549295775, 'Soll': 0.7573133009279717, 'episode': {'r': -59.0, 'l': 353, 't': 8292.703813, 'Typ1': 1335.331479130186, 'Typ2': 1237.1101911522826, 'Typ3': 1915.1293523784914, 'Typ4': 5487.282741206469, 'Typ5': 1055.6143351693408, 'Warteschlangen': 8.083661971830976, 'Auslastung': 1364.4242253521118}}
Steps = 340
Return = -46.0
Info = {'Typ1': 429.7757479059682, 'Typ2': 653.9201383661757, 'Typ3': 1866.2445497383126, 'Typ4': 4467.974505550285, 'Typ5': 0.0, 'Warteschlangen': 5.8584795321637335, 'Auslastung': 6999.985087719298, 'Av_Warteschlangen': 1.0479532163742649, 'Av_Auslastung': 45.159064327485375, 'Soll': 0.7449275362318841, 'episode': {'r': -46.0, 'l': 340, 't': 8326.128995, 'Typ1': 429.7757479059682, 'Typ2': 653.9201383661757, 'Typ3': 1866.2445497383126, 'Typ4': 4467.974505550285, 'Typ5': 0.0, 'Warteschlangen': 5.8584795321637335, 'Auslastung': 6999.985087719298}}
