Steps = 306
Return = -47.5042956881174
Info = {'Typ1': 352.316015682779, 'Typ2': 350.35289554574075, 'Typ3': 773.0916471029727, 'Typ4': 878.4443275395184, 'Typ5': 1010.0574785408048, 'Warteschlangen': 0.6165584415584414, 'Auslastung': 0.33798701298701256, 'Av_Warteschlangen': 0.24805194805194794, 'Av_Auslastung': 0.4396103896103902, 'Soll': 0.9744552948636652, 'episode': {'r': -47.504296, 'l': 306, 't': 5197.904236, 'Typ1': 352.316015682779, 'Typ2': 350.35289554574075, 'Typ3': 773.0916471029727, 'Typ4': 878.4443275395184, 'Typ5': 1010.0574785408048, 'Warteschlangen': 0.6165584415584414, 'Auslastung': 0.33798701298701256}}
Steps = 306
Return = -55.166336097159615
Info = {'Typ1': 371.9980989208475, 'Typ2': 377.98476145381477, 'Typ3': 782.2215291099094, 'Typ4': 1128.4606029177698, 'Typ5': 1117.9354047716693, 'Warteschlangen': 0.8564935064935073, 'Auslastung': 0.36006493506493437, 'Av_Warteschlangen': 0.3233766233766234, 'Av_Auslastung': 0.46038961038961024, 'Soll': 0.9817582417582418, 'episode': {'r': -55.166336, 'l': 306, 't': 5224.139954, 'Typ1': 371.9980989208475, 'Typ2': 377.98476145381477, 'Typ3': 782.2215291099094, 'Typ4': 1128.4606029177698, 'Typ5': 1117.9354047716693, 'Warteschlangen': 0.8564935064935073, 'Auslastung': 0.36006493506493437}}
Steps = 306
Return = -53.59896346531962
Info = {'Typ1': 376.8436392277665, 'Typ2': 327.06005435208766, 'Typ3': 937.7307309520521, 'Typ4': 1041.990889428501, 'Typ5': 1462.4176694337705, 'Warteschlangen': 1.0347402597402595, 'Auslastung': 0.32629870129870064, 'Av_Warteschlangen': 0.35974025974025964, 'Av_Auslastung': 0.4603896103896105, 'Soll': 0.9587213613247751, 'episode': {'r': -53.598963, 'l': 306, 't': 5249.872923, 'Typ1': 376.8436392277665, 'Typ2': 327.06005435208766, 'Typ3': 937.7307309520521, 'Typ4': 1041.990889428501, 'Typ5': 1462.4176694337705, 'Warteschlangen': 1.0347402597402595, 'Auslastung': 0.32629870129870064}}
Steps = 310
Return = -44.477252810861835
Info = {'Typ1': 353.51741677699164, 'Typ2': 338.33180204484273, 'Typ3': 1142.1024725977559, 'Typ4': 1094.2531785008343, 'Typ5': 1444.1733391841738, 'Warteschlangen': 1.8669871794871795, 'Auslastung': 0.33044871794871755, 'Av_Warteschlangen': 0.5096153846153848, 'Av_Auslastung': 0.4429487179487178, 'Soll': 0.973447204968944, 'episode': {'r': -44.477253, 'l': 310, 't': 5276.501401, 'Typ1': 353.51741677699164, 'Typ2': 338.33180204484273, 'Typ3': 1142.1024725977559, 'Typ4': 1094.2531785008343, 'Typ5': 1444.1733391841738, 'Warteschlangen': 1.8669871794871795, 'Auslastung': 0.33044871794871755}}
Steps = 308
Return = -46.54007450383609
Info = {'Typ1': 384.75721714169873, 'Typ2': 371.8890574880434, 'Typ3': 918.7588894962804, 'Typ4': 803.3556366380993, 'Typ5': 1279.3465464218616, 'Warteschlangen': 0.8709677419354839, 'Auslastung': 0.34193548387096717, 'Av_Warteschlangen': 0.3483870967741935, 'Av_Auslastung': 0.4574193548387098, 'Soll': 0.9815384615384616, 'episode': {'r': -46.540075, 'l': 308, 't': 5301.93229, 'Typ1': 384.75721714169873, 'Typ2': 371.8890574880434, 'Typ3': 918.7588894962804, 'Typ4': 803.3556366380993, 'Typ5': 1279.3465464218616, 'Warteschlangen': 0.8709677419354839, 'Auslastung': 0.34193548387096717}}
