Steps = 302
Return = -100.99999999999997
Info = {'Typ1': 461.0529780968248, 'Typ2': 359.3632079371426, 'Typ3': 555.5502041155981, 'Typ4': 0.0, 'Typ5': 0.0, 'Warteschlangen': 0.1473684210526318, 'Auslastung': 5906.203618421054, 'Av_Warteschlangen': 0.10263157894736823, 'Av_Auslastung': 51.612500000000004, 'Soll': 0.5077894736842106, 'episode': {'r': -101.0, 'l': 302, 't': 63.944412, 'Typ1': 461.0529780968248, 'Typ2': 359.3632079371426, 'Typ3': 555.5502041155981, 'Typ4': 0.0, 'Typ5': 0.0, 'Warteschlangen': 0.1473684210526318, 'Auslastung': 5906.203618421054}}
Steps = 303
Return = -119.50000000000006
Info = {'Typ1': 458.23789144980765, 'Typ2': 379.74471092984606, 'Typ3': 523.9987427935129, 'Typ4': 0.0, 'Typ5': 0.0, 'Warteschlangen': 0.17540983606557387, 'Auslastung': 6042.615409836066, 'Av_Warteschlangen': 0.10819672131147523, 'Av_Auslastung': 50.88131147540984, 'Soll': 0.47904761904761906, 'episode': {'r': -119.5, 'l': 303, 't': 95.730027, 'Typ1': 458.23789144980765, 'Typ2': 379.74471092984606, 'Typ3': 523.9987427935129, 'Typ4': 0.0, 'Typ5': 0.0, 'Warteschlangen': 0.17540983606557387, 'Auslastung': 6042.615409836066}}
Steps = 303
Return = -97.99999999999999
Info = {'Typ1': 423.8769626112574, 'Typ2': 395.49489689797974, 'Typ3': 736.6758282094277, 'Typ4': 0.0, 'Typ5': 0.0, 'Warteschlangen': 0.2675409836065578, 'Auslastung': 5713.333770491803, 'Av_Warteschlangen': 0.15016393442622963, 'Av_Auslastung': 50.33901639344263, 'Soll': 0.535593220338983, 'episode': {'r': -98.0, 'l': 303, 't': 127.206092, 'Typ1': 423.8769626112574, 'Typ2': 395.49489689797974, 'Typ3': 736.6758282094277, 'Typ4': 0.0, 'Typ5': 0.0, 'Warteschlangen': 0.2675409836065578, 'Auslastung': 5713.333770491803}}
Steps = 303
Return = -101.5
Info = {'Typ1': 456.93847501168807, 'Typ2': 354.22584169216185, 'Typ3': 676.0856911429487, 'Typ4': 0.0, 'Typ5': 0.0, 'Warteschlangen': 0.30983606557377086, 'Auslastung': 6028.640655737705, 'Av_Warteschlangen': 0.1718032786885249, 'Av_Auslastung': 51.89967213114754, 'Soll': 0.575, 'episode': {'r': -101.5, 'l': 303, 't': 158.833446, 'Typ1': 456.93847501168807, 'Typ2': 354.22584169216185, 'Typ3': 676.0856911429487, 'Typ4': 0.0, 'Typ5': 0.0, 'Warteschlangen': 0.30983606557377086, 'Auslastung': 6028.640655737705}}
