Steps = 309
Return = -59.730727904946804
Info = {'Typ1': 1031.7128285703184, 'Typ2': 749.4796383695685, 'Typ3': 2828.8965799028497, 'Typ4': 2732.954661988982, 'Typ5': 2776.3891292424123, 'Warteschlangen': 9.384244372990361, 'Auslastung': 0.3691318327974271, 'Av_Warteschlangen': 1.3588424437299051, 'Av_Auslastung': 0.4565916398713832, 'Soll': 0.9590361445783133, 'episode': {'r': -59.730728, 'l': 309, 't': 7045.37204, 'Typ1': 1031.7128285703184, 'Typ2': 749.4796383695685, 'Typ3': 2828.8965799028497, 'Typ4': 2732.954661988982, 'Typ5': 2776.3891292424123, 'Warteschlangen': 9.384244372990361, 'Auslastung': 0.3691318327974271}}
Steps = 312
Return = -62.857127267148876
Info = {'Typ1': 585.4824059920378, 'Typ2': 550.5890849074159, 'Typ3': 2159.180741080525, 'Typ4': 2468.338802072369, 'Typ5': 2366.076578129704, 'Warteschlangen': 9.756687898089178, 'Auslastung': 0.3675159235668786, 'Av_Warteschlangen': 1.396178343949046, 'Av_Auslastung': 0.45668789808917215, 'Soll': 0.9619047619047618, 'episode': {'r': -62.857127, 'l': 312, 't': 7069.056167, 'Typ1': 585.4824059920378, 'Typ2': 550.5890849074159, 'Typ3': 2159.180741080525, 'Typ4': 2468.338802072369, 'Typ5': 2366.076578129704, 'Warteschlangen': 9.756687898089178, 'Auslastung': 0.3675159235668786}}
Steps = 340
Return = -65.55049608947787
Info = {'Typ1': 1643.8516267997948, 'Typ2': 1666.5017482100068, 'Typ3': 3150.1457532899426, 'Typ4': 3943.738226515857, 'Typ5': 3192.969463780851, 'Warteschlangen': 10.867251461988301, 'Auslastung': 0.3499999999999996, 'Av_Warteschlangen': 1.8777777777777755, 'Av_Auslastung': 0.42923976608187164, 'Soll': 0.9386878154289834, 'episode': {'r': -65.550496, 'l': 340, 't': 7092.832121, 'Typ1': 1643.8516267997948, 'Typ2': 1666.5017482100068, 'Typ3': 3150.1457532899426, 'Typ4': 3943.738226515857, 'Typ5': 3192.969463780851, 'Warteschlangen': 10.867251461988301, 'Auslastung': 0.3499999999999996}}
Steps = 350
Return = -66.29351545432324
Info = {'Typ1': 3479.658430808505, 'Typ2': 2767.7157736138242, 'Typ3': 5745.139860148616, 'Typ4': 3866.1417930118, 'Typ5': 4551.860219366956, 'Warteschlangen': 13.753977272727269, 'Auslastung': 0.3261363636363636, 'Av_Warteschlangen': 2.500568181818181, 'Av_Auslastung': 0.4073863636363642, 'Soll': 0.9595169082125604, 'episode': {'r': -66.293515, 'l': 350, 't': 7115.401872, 'Typ1': 3479.658430808505, 'Typ2': 2767.7157736138242, 'Typ3': 5745.139860148616, 'Typ4': 3866.1417930118, 'Typ5': 4551.860219366956, 'Warteschlangen': 13.753977272727269, 'Auslastung': 0.3261363636363636}}
Steps = 303
Return = -45.93482395866391
Info = {'Typ1': 370.25928204559506, 'Typ2': 329.69000369621324, 'Typ3': 950.2692475557649, 'Typ4': 967.3720496919844, 'Typ5': 1094.1478475424697, 'Warteschlangen': 1.0177049180327875, 'Auslastung': 0.3347540983606552, 'Av_Warteschlangen': 0.3770491803278694, 'Av_Auslastung': 0.4452459016393446, 'Soll': 0.9644615384615385, 'episode': {'r': -45.934824, 'l': 303, 't': 7139.44895, 'Typ1': 370.25928204559506, 'Typ2': 329.69000369621324, 'Typ3': 950.2692475557649, 'Typ4': 967.3720496919844, 'Typ5': 1094.1478475424697, 'Warteschlangen': 1.0177049180327875, 'Auslastung': 0.3347540983606552}}
