Steps = 342
Return = -132.2959141774431
Info = {'Typ1': 4899.884901164547, 'Typ2': 6282.510482448169, 'Typ3': 7098.933340635867, 'Typ4': 9652.357239389705, 'Typ5': 7236.495491905758, 'Warteschlangen': 10.686627906976769, 'Auslastung': 0.4183139534883724, 'Av_Warteschlangen': 2.336046511627906, 'Av_Auslastung': 0.43546511627907003, 'Soll': 0.8450221940393152, 'episode': {'r': -132.295914, 'l': 342, 't': 7158.525762, 'Typ1': 4899.884901164547, 'Typ2': 6282.510482448169, 'Typ3': 7098.933340635867, 'Typ4': 9652.357239389705, 'Typ5': 7236.495491905758, 'Warteschlangen': 10.686627906976769, 'Auslastung': 0.4183139534883724}}
Steps = 359
Return = -124.71445044778545
Info = {'Typ1': 4051.2625604627847, 'Typ2': 2445.7733112273113, 'Typ3': 6727.834003929134, 'Typ4': 4133.3181720958155, 'Typ5': 4839.930553349466, 'Warteschlangen': 15.669252077562343, 'Auslastung': 0.3296398891966758, 'Av_Warteschlangen': 2.503601108033243, 'Av_Auslastung': 0.4127423822714687, 'Soll': 0.8505494505494505, 'episode': {'r': -124.71445, 'l': 359, 't': 7180.843637, 'Typ1': 4051.2625604627847, 'Typ2': 2445.7733112273113, 'Typ3': 6727.834003929134, 'Typ4': 4133.3181720958155, 'Typ5': 4839.930553349466, 'Warteschlangen': 15.669252077562343, 'Auslastung': 0.3296398891966758}}
Steps = 360
Return = -114.15614136466979
Info = {'Typ1': 5516.803785478056, 'Typ2': 3416.1231912574494, 'Typ3': 7322.0964934502035, 'Typ4': 4525.4894690446745, 'Typ5': 5114.746133684849, 'Warteschlangen': 15.317679558011058, 'Auslastung': 0.3157458563535912, 'Av_Warteschlangen': 2.622099447513814, 'Av_Auslastung': 0.40055248618784567, 'Soll': 0.8829127613554434, 'episode': {'r': -114.156141, 'l': 360, 't': 7202.943147, 'Typ1': 5516.803785478056, 'Typ2': 3416.1231912574494, 'Typ3': 7322.0964934502035, 'Typ4': 4525.4894690446745, 'Typ5': 5114.746133684849, 'Warteschlangen': 15.317679558011058, 'Auslastung': 0.3157458563535912}}
Steps = 365
Return = -109.63114651139516
Info = {'Typ1': 3075.9557493771113, 'Typ2': 3876.795015351632, 'Typ3': 5118.264266583557, 'Typ4': 6042.044451462141, 'Typ5': 5263.605147634921, 'Warteschlangen': 10.546866485013629, 'Auslastung': 0.32261580381471405, 'Av_Warteschlangen': 2.201634877384194, 'Av_Auslastung': 0.4027247956403271, 'Soll': 0.8757902001380262, 'episode': {'r': -109.631147, 'l': 365, 't': 7225.253871, 'Typ1': 3075.9557493771113, 'Typ2': 3876.795015351632, 'Typ3': 5118.264266583557, 'Typ4': 6042.044451462141, 'Typ5': 5263.605147634921, 'Warteschlangen': 10.546866485013629, 'Auslastung': 0.32261580381471405}}
Steps = 359
Return = -106.00116436366575
Info = {'Typ1': 4932.947931062018, 'Typ2': 3123.3871300930377, 'Typ3': 5814.345911027821, 'Typ4': 4883.081552689425, 'Typ5': 3866.875675843794, 'Warteschlangen': 12.185318559556773, 'Auslastung': 0.3146814404432134, 'Av_Warteschlangen': 2.5047091412742377, 'Av_Auslastung': 0.39889196675900307, 'Soll': 0.9023076923076923, 'episode': {'r': -106.001164, 'l': 359, 't': 7247.699396, 'Typ1': 4932.947931062018, 'Typ2': 3123.3871300930377, 'Typ3': 5814.345911027821, 'Typ4': 4883.081552689425, 'Typ5': 3866.875675843794, 'Warteschlangen': 12.185318559556773, 'Auslastung': 0.3146814404432134}}
