Steps = 303
Return = -55.239484936188546
Info = {'Typ1': 904.1026079223325, 'Typ2': 981.048819251502, 'Typ3': 2621.017289216405, 'Typ4': 2730.448504145002, 'Typ5': 2668.1674978839724, 'Warteschlangen': 9.081311475409844, 'Auslastung': 0.370491803278688, 'Av_Warteschlangen': 1.356065573770495, 'Av_Auslastung': 0.46819672131147555, 'Soll': 0.9587571337983511, 'episode': {'r': -55.239485, 'l': 303, 't': 7814.625307, 'Typ1': 904.1026079223325, 'Typ2': 981.048819251502, 'Typ3': 2621.017289216405, 'Typ4': 2730.448504145002, 'Typ5': 2668.1674978839724, 'Warteschlangen': 9.081311475409844, 'Auslastung': 0.370491803278688}}
Steps = 305
Return = -52.09654557207261
Info = {'Typ1': 2141.926740454776, 'Typ2': 1202.2102409163028, 'Typ3': 3656.327805509991, 'Typ4': 3686.0339160197827, 'Typ5': 3083.9811371350966, 'Warteschlangen': 10.517589576547248, 'Auslastung': 0.3501628664495109, 'Av_Warteschlangen': 1.5296416938110788, 'Av_Auslastung': 0.4521172638436484, 'Soll': 0.9633699633699633, 'episode': {'r': -52.096546, 'l': 305, 't': 7843.088436, 'Typ1': 2141.926740454776, 'Typ2': 1202.2102409163028, 'Typ3': 3656.327805509991, 'Typ4': 3686.0339160197827, 'Typ5': 3083.9811371350966, 'Warteschlangen': 10.517589576547248, 'Auslastung': 0.3501628664495109}}
Steps = 306
Return = -49.231015481548454
Info = {'Typ1': 700.599511922142, 'Typ2': 680.2922008301149, 'Typ3': 2064.8420662614553, 'Typ4': 2082.7386936879807, 'Typ5': 2083.454015219303, 'Warteschlangen': 6.517857142857138, 'Auslastung': 0.3457792207792206, 'Av_Warteschlangen': 1.0370129870129865, 'Av_Auslastung': 0.4603896103896106, 'Soll': 0.9639798125450613, 'episode': {'r': -49.231015, 'l': 306, 't': 7873.946382, 'Typ1': 700.599511922142, 'Typ2': 680.2922008301149, 'Typ3': 2064.8420662614553, 'Typ4': 2082.7386936879807, 'Typ5': 2083.454015219303, 'Warteschlangen': 6.517857142857138, 'Auslastung': 0.3457792207792206}}
Steps = 323
Return = -57.55948231061614
Info = {'Typ1': 2979.1179665096315, 'Typ2': 3168.48496390381, 'Typ3': 5271.088576990667, 'Typ4': 5104.224712153842, 'Typ5': 4670.520434115817, 'Warteschlangen': 11.164307692307684, 'Auslastung': 0.3390769230769231, 'Av_Warteschlangen': 2.2750769230769223, 'Av_Auslastung': 0.4375384615384621, 'Soll': 0.9595238095238094, 'episode': {'r': -57.559482, 'l': 323, 't': 7898.663314, 'Typ1': 2979.1179665096315, 'Typ2': 3168.48496390381, 'Typ3': 5271.088576990667, 'Typ4': 5104.224712153842, 'Typ5': 4670.520434115817, 'Warteschlangen': 11.164307692307684, 'Auslastung': 0.3390769230769231}}
Steps = 312
Return = -49.338509650822864
Info = {'Typ1': 2719.613274984476, 'Typ2': 1670.8079973440992, 'Typ3': 4579.028188431092, 'Typ4': 3526.001418465305, 'Typ5': 3052.4714674511906, 'Warteschlangen': 12.078662420382175, 'Auslastung': 0.3347133757961783, 'Av_Warteschlangen': 2.033121019108282, 'Av_Auslastung': 0.45414012738853593, 'Soll': 0.970923076923077, 'episode': {'r': -49.33851, 'l': 312, 't': 7925.867087, 'Typ1': 2719.613274984476, 'Typ2': 1670.8079973440992, 'Typ3': 4579.028188431092, 'Typ4': 3526.001418465305, 'Typ5': 3052.4714674511906, 'Warteschlangen': 12.078662420382175, 'Auslastung': 0.3347133757961783}}
