Steps = 349
Return = -120.84862760589351
Info = {'Typ1': 3998.4984153826936, 'Typ2': 3921.264252216618, 'Typ3': 5580.303794181642, 'Typ4': 6080.892262315252, 'Typ5': 4928.370980870254, 'Warteschlangen': 9.604558404558421, 'Auslastung': 0.3598290598290598, 'Av_Warteschlangen': 1.977777777777777, 'Av_Auslastung': 0.4227920227920232, 'Soll': 0.8453265694356373, 'episode': {'r': -120.848628, 'l': 349, 't': 7953.511436, 'Typ1': 3998.4984153826936, 'Typ2': 3921.264252216618, 'Typ3': 5580.303794181642, 'Typ4': 6080.892262315252, 'Typ5': 4928.370980870254, 'Warteschlangen': 9.604558404558421, 'Auslastung': 0.3598290598290598}}
Steps = 361
Return = -114.62760045768952
Info = {'Typ1': 3695.5972099218056, 'Typ2': 2839.8340151142843, 'Typ3': 5835.021076306017, 'Typ4': 4749.703249094878, 'Typ5': 5533.216160879141, 'Warteschlangen': 11.99779614325068, 'Auslastung': 0.30991735537190074, 'Av_Warteschlangen': 2.3377410468319537, 'Av_Auslastung': 0.396143250688706, 'Soll': 0.8536996336996336, 'episode': {'r': -114.6276, 'l': 361, 't': 7983.954773, 'Typ1': 3695.5972099218056, 'Typ2': 2839.8340151142843, 'Typ3': 5835.021076306017, 'Typ4': 4749.703249094878, 'Typ5': 5533.216160879141, 'Warteschlangen': 11.99779614325068, 'Auslastung': 0.30991735537190074}}
Steps = 361
Return = -126.10591526815281
Info = {'Typ1': 5329.200469248831, 'Typ2': 3420.409115736121, 'Typ3': 7523.603466495211, 'Typ4': 5158.5414383307225, 'Typ5': 4748.83289026328, 'Warteschlangen': 15.064738292011008, 'Auslastung': 0.3465564738292009, 'Av_Warteschlangen': 2.678236914600553, 'Av_Auslastung': 0.4104683195592288, 'Soll': 0.8858543619322278, 'episode': {'r': -126.105915, 'l': 361, 't': 8012.754842, 'Typ1': 5329.200469248831, 'Typ2': 3420.409115736121, 'Typ3': 7523.603466495211, 'Typ4': 5158.5414383307225, 'Typ5': 4748.83289026328, 'Warteschlangen': 15.064738292011008, 'Auslastung': 0.3465564738292009}}
Steps = 366
Return = -107.55785519682684
Info = {'Typ1': 3256.2492022037773, 'Typ2': 3943.6981271876434, 'Typ3': 5879.660007417518, 'Typ4': 5641.032213893123, 'Typ5': 4654.156436075504, 'Warteschlangen': 10.419836956521738, 'Auslastung': 0.31820652173913033, 'Av_Warteschlangen': 2.2684782608695655, 'Av_Auslastung': 0.4054347826086957, 'Soll': 0.8766632160110422, 'episode': {'r': -107.557855, 'l': 366, 't': 8040.868326, 'Typ1': 3256.2492022037773, 'Typ2': 3943.6981271876434, 'Typ3': 5879.660007417518, 'Typ4': 5641.032213893123, 'Typ5': 4654.156436075504, 'Warteschlangen': 10.419836956521738, 'Auslastung': 0.31820652173913033}}
Steps = 353
Return = -108.63982218596311
Info = {'Typ1': 6692.764512511467, 'Typ2': 3541.18678908509, 'Typ3': 9366.517976128465, 'Typ4': 6392.2665899971325, 'Typ5': 5958.425696536366, 'Warteschlangen': 16.844225352112666, 'Auslastung': 0.3371830985915493, 'Av_Warteschlangen': 3.036056338028166, 'Av_Auslastung': 0.41070422535211293, 'Soll': 0.8940000000000001, 'episode': {'r': -108.639822, 'l': 353, 't': 8068.451359, 'Typ1': 6692.764512511467, 'Typ2': 3541.18678908509, 'Typ3': 9366.517976128465, 'Typ4': 6392.2665899971325, 'Typ5': 5958.425696536366, 'Warteschlangen': 16.844225352112666, 'Auslastung': 0.3371830985915493}}
