Steps = 309
Return = -18.820000000000004
Info = {'Typ1': 395.5983453170369, 'Typ2': 349.40930019329113, 'Typ3': 991.0235881640642, 'Typ4': 1236.0736353402488, 'Typ5': 1139.0894465587958, 'Warteschlangen': 1.6977491961414795, 'Auslastung': 0.36237942122186445, 'Av_Warteschlangen': 0.380064308681672, 'Av_Auslastung': 0.44694533762057875, 'Soll': 0.9468571428571428, 'episode': {'r': -18.82, 'l': 309, 't': 7210.857175, 'Typ1': 395.5983453170369, 'Typ2': 349.40930019329113, 'Typ3': 991.0235881640642, 'Typ4': 1236.0736353402488, 'Typ5': 1139.0894465587958, 'Warteschlangen': 1.6977491961414795, 'Auslastung': 0.36237942122186445}}
Steps = 309
Return = -21.019999999999982
Info = {'Typ1': 372.1734494846525, 'Typ2': 393.2216560684698, 'Typ3': 749.1160653083942, 'Typ4': 948.1930841200186, 'Typ5': 1119.2093523399128, 'Warteschlangen': 0.5938906752411576, 'Auslastung': 0.37170418006430817, 'Av_Warteschlangen': 0.25787781350482336, 'Av_Auslastung': 0.46752411575562713, 'Soll': 0.9283116883116882, 'episode': {'r': -21.02, 'l': 309, 't': 7236.891015, 'Typ1': 372.1734494846525, 'Typ2': 393.2216560684698, 'Typ3': 749.1160653083942, 'Typ4': 948.1930841200186, 'Typ5': 1119.2093523399128, 'Warteschlangen': 0.5938906752411576, 'Auslastung': 0.37170418006430817}}
Steps = 310
Return = -26.199999999999992
Info = {'Typ1': 467.0009315050564, 'Typ2': 346.7059739439936, 'Typ3': 879.781835258301, 'Typ4': 896.6567019805053, 'Typ5': 999.9145906248002, 'Warteschlangen': 1.1496794871794878, 'Auslastung': 0.35737179487179416, 'Av_Warteschlangen': 0.35897435897435903, 'Av_Auslastung': 0.44615384615384696, 'Soll': 0.9307818480043739, 'episode': {'r': -26.2, 'l': 310, 't': 7263.005881, 'Typ1': 467.0009315050564, 'Typ2': 346.7059739439936, 'Typ3': 879.781835258301, 'Typ4': 896.6567019805053, 'Typ5': 999.9145906248002, 'Warteschlangen': 1.1496794871794878, 'Auslastung': 0.35737179487179416}}
Steps = 347
Return = -38.03999999999999
Info = {'Typ1': 629.5065176369947, 'Typ2': 484.96203766945234, 'Typ3': 1832.3748394490558, 'Typ4': 1857.4703899712656, 'Typ5': 2398.0517845546956, 'Warteschlangen': 5.39656160458452, 'Auslastung': 0.33123209169054385, 'Av_Warteschlangen': 0.8893982808022926, 'Av_Auslastung': 0.4240687679083093, 'Soll': 0.9502747252747253, 'episode': {'r': -38.04, 'l': 347, 't': 7290.427858, 'Typ1': 629.5065176369947, 'Typ2': 484.96203766945234, 'Typ3': 1832.3748394490558, 'Typ4': 1857.4703899712656, 'Typ5': 2398.0517845546956, 'Warteschlangen': 5.39656160458452, 'Auslastung': 0.33123209169054385}}
Steps = 329
Return = -27.979999999999997
Info = {'Typ1': 432.3454428278494, 'Typ2': 348.66328230230704, 'Typ3': 1035.6429917473408, 'Typ4': 853.6788779816691, 'Typ5': 1431.8592610532437, 'Warteschlangen': 2.387613293051358, 'Auslastung': 0.35800604229607197, 'Av_Warteschlangen': 0.4525679758308149, 'Av_Auslastung': 0.4253776435045318, 'Soll': 0.9428571428571428, 'episode': {'r': -27.98, 'l': 329, 't': 7317.923311, 'Typ1': 432.3454428278494, 'Typ2': 348.66328230230704, 'Typ3': 1035.6429917473408, 'Typ4': 853.6788779816691, 'Typ5': 1431.8592610532437, 'Warteschlangen': 2.387613293051358, 'Auslastung': 0.35800604229607197}}
