Steps = 347
Return = -142.19999999999993
Info = {'Typ1': 5061.813391361276, 'Typ2': 5740.042034881954, 'Typ3': 7294.517139389254, 'Typ4': 9000.476572238165, 'Typ5': 6891.734913318611, 'Warteschlangen': 10.860171919770792, 'Auslastung': 0.41404011461318085, 'Av_Warteschlangen': 2.297994269340973, 'Av_Auslastung': 0.4275071633237825, 'Soll': 0.8429169308814204, 'episode': {'r': -142.2, 'l': 347, 't': 7338.439231, 'Typ1': 5061.813391361276, 'Typ2': 5740.042034881954, 'Typ3': 7294.517139389254, 'Typ4': 9000.476572238165, 'Typ5': 6891.734913318611, 'Warteschlangen': 10.860171919770792, 'Auslastung': 0.41404011461318085}}
Steps = 360
Return = -152.04000000000005
Info = {'Typ1': 4964.216304796905, 'Typ2': 3070.313535592202, 'Typ3': 9019.478983624662, 'Typ4': 5391.219998008564, 'Typ5': 5928.814602620824, 'Warteschlangen': 14.560773480663004, 'Auslastung': 0.35359116022099457, 'Av_Warteschlangen': 2.59779005524862, 'Av_Auslastung': 0.4082872928176799, 'Soll': 0.8536996336996336, 'episode': {'r': -152.04, 'l': 360, 't': 7360.88341, 'Typ1': 4964.216304796905, 'Typ2': 3070.313535592202, 'Typ3': 9019.478983624662, 'Typ4': 5391.219998008564, 'Typ5': 5928.814602620824, 'Warteschlangen': 14.560773480663004, 'Auslastung': 0.35359116022099457}}
Steps = 361
Return = -150.2799999999999
Info = {'Typ1': 5831.990351823625, 'Typ2': 4110.20524075131, 'Typ3': 7504.204378318597, 'Typ4': 6237.102070770464, 'Typ5': 5559.4281890821685, 'Warteschlangen': 14.587878787878783, 'Auslastung': 0.3231404958677688, 'Av_Warteschlangen': 2.817630853994488, 'Av_Auslastung': 0.41157024793388464, 'Soll': 0.8843835616438355, 'episode': {'r': -150.28, 'l': 361, 't': 7382.424403, 'Typ1': 5831.990351823625, 'Typ2': 4110.20524075131, 'Typ3': 7504.204378318597, 'Typ4': 6237.102070770464, 'Typ5': 5559.4281890821685, 'Warteschlangen': 14.587878787878783, 'Auslastung': 0.3231404958677688}}
Steps = 364
Return = -125.91999999999994
Info = {'Typ1': 3124.659708608997, 'Typ2': 4397.153535201386, 'Typ3': 5016.299672299165, 'Typ4': 5560.995182896517, 'Typ5': 6075.059117205237, 'Warteschlangen': 9.990710382513681, 'Auslastung': 0.3478142076502733, 'Av_Warteschlangen': 2.156284153005465, 'Av_Auslastung': 0.41202185792349744, 'Soll': 0.8795583160800552, 'episode': {'r': -125.92, 'l': 364, 't': 7404.881371, 'Typ1': 3124.659708608997, 'Typ2': 4397.153535201386, 'Typ3': 5016.299672299165, 'Typ4': 5560.995182896517, 'Typ5': 6075.059117205237, 'Warteschlangen': 9.990710382513681, 'Auslastung': 0.3478142076502733}}
Steps = 364
Return = -146.12000000000003
Info = {'Typ1': 5922.525390592915, 'Typ2': 4153.771240263359, 'Typ3': 7532.337347421152, 'Typ4': 6160.26367896143, 'Typ5': 6233.274588110241, 'Warteschlangen': 13.415846994535519, 'Auslastung': 0.33551912568306014, 'Av_Warteschlangen': 2.790163934426231, 'Av_Auslastung': 0.4016393442622953, 'Soll': 0.9012307692307692, 'episode': {'r': -146.12, 'l': 364, 't': 7427.331358, 'Typ1': 5922.525390592915, 'Typ2': 4153.771240263359, 'Typ3': 7532.337347421152, 'Typ4': 6160.26367896143, 'Typ5': 6233.274588110241, 'Warteschlangen': 13.415846994535519, 'Auslastung': 0.33551912568306014}}
