Steps = 309
Return = -20.000000000000004
Info = {'Typ1': 383.2999843106293, 'Typ2': 340.20653585182913, 'Typ3': 652.1678442138368, 'Typ4': 645.1179751128196, 'Typ5': 910.450170920158, 'Warteschlangen': 0.37717041800643086, 'Auslastung': 0.3610932475884238, 'Av_Warteschlangen': 0.16077170418006417, 'Av_Auslastung': 0.44051446945337647, 'Soll': 0.9040926640926642, 'episode': {'r': -20.0, 'l': 309, 't': 8844.503852, 'Typ1': 383.2999843106293, 'Typ2': 340.20653585182913, 'Typ3': 652.1678442138368, 'Typ4': 645.1179751128196, 'Typ5': 910.450170920158, 'Warteschlangen': 0.37717041800643086, 'Auslastung': 0.3610932475884238}}
Steps = 311
Return = -24.359999999999996
Info = {'Typ1': 376.7034994250075, 'Typ2': 374.99418988065804, 'Typ3': 666.2191659113716, 'Typ4': 1035.2611116122634, 'Typ5': 1177.875714558822, 'Warteschlangen': 0.7268370607028752, 'Auslastung': 0.3575079872204467, 'Av_Warteschlangen': 0.2670926517571885, 'Av_Auslastung': 0.4543130990415339, 'Soll': 0.9003463203463203, 'episode': {'r': -24.36, 'l': 311, 't': 8878.044, 'Typ1': 376.7034994250075, 'Typ2': 374.99418988065804, 'Typ3': 666.2191659113716, 'Typ4': 1035.2611116122634, 'Typ5': 1177.875714558822, 'Warteschlangen': 0.7268370607028752, 'Auslastung': 0.3575079872204467}}
Steps = 309
Return = -14.559999999999999
Info = {'Typ1': 391.30769451902404, 'Typ2': 377.46539788097647, 'Typ3': 598.7137539397615, 'Typ4': 731.0569855060785, 'Typ5': 1064.5740735157303, 'Warteschlangen': 0.4543408360128618, 'Auslastung': 0.35659163987138204, 'Av_Warteschlangen': 0.17877813504823123, 'Av_Auslastung': 0.44630225080385894, 'Soll': 0.9357910906298003, 'episode': {'r': -14.56, 'l': 309, 't': 8910.764102, 'Typ1': 391.30769451902404, 'Typ2': 377.46539788097647, 'Typ3': 598.7137539397615, 'Typ4': 731.0569855060785, 'Typ5': 1064.5740735157303, 'Warteschlangen': 0.4543408360128618, 'Auslastung': 0.35659163987138204}}
Steps = 310
Return = -25.359999999999996
Info = {'Typ1': 370.3508464695936, 'Typ2': 344.8670850461557, 'Typ3': 620.6232272293905, 'Typ4': 742.9984359898231, 'Typ5': 946.5547426773596, 'Warteschlangen': 0.4288461538461539, 'Auslastung': 0.3560897435897429, 'Av_Warteschlangen': 0.1717948717948718, 'Av_Auslastung': 0.43846153846153896, 'Soll': 0.8898550724637682, 'episode': {'r': -25.36, 'l': 310, 't': 8942.353797, 'Typ1': 370.3508464695936, 'Typ2': 344.8670850461557, 'Typ3': 620.6232272293905, 'Typ4': 742.9984359898231, 'Typ5': 946.5547426773596, 'Warteschlangen': 0.4288461538461539, 'Auslastung': 0.3560897435897429}}
Steps = 309
Return = -22.640000000000004
Info = {'Typ1': 380.2983531380535, 'Typ2': 337.27627733064224, 'Typ3': 682.8247079958592, 'Typ4': 856.263413570347, 'Typ5': 1277.6565500345616, 'Warteschlangen': 1.1717041800643089, 'Auslastung': 0.3482315112540188, 'Av_Warteschlangen': 0.27781350482315115, 'Av_Auslastung': 0.44051446945337674, 'Soll': 0.8800000000000001, 'episode': {'r': -22.64, 'l': 309, 't': 8973.714079, 'Typ1': 380.2983531380535, 'Typ2': 337.27627733064224, 'Typ3': 682.8247079958592, 'Typ4': 856.263413570347, 'Typ5': 1277.6565500345616, 'Warteschlangen': 1.1717041800643089, 'Auslastung': 0.3482315112540188}}
