Steps = 348
Return = -129.02000000000004
Info = {'Typ1': 4879.269319519667, 'Typ2': 5138.615950923058, 'Typ3': 7215.715579047781, 'Typ4': 9074.13602934447, 'Typ5': 6684.011719760462, 'Warteschlangen': 10.946571428571433, 'Auslastung': 0.39028571428571446, 'Av_Warteschlangen': 2.28628571428571, 'Av_Auslastung': 0.4285714285714287, 'Soll': 0.8456309448319594, 'episode': {'r': -129.02, 'l': 348, 't': 8998.793997, 'Typ1': 4879.269319519667, 'Typ2': 5138.615950923058, 'Typ3': 7215.715579047781, 'Typ4': 9074.13602934447, 'Typ5': 6684.011719760462, 'Warteschlangen': 10.946571428571433, 'Auslastung': 0.39028571428571446}}
Steps = 355
Return = -155.50000000000003
Info = {'Typ1': 5577.195533842481, 'Typ2': 2662.9623733912154, 'Typ3': 8483.025626576427, 'Typ4': 5232.009829807197, 'Typ5': 5373.696894975542, 'Warteschlangen': 15.630812324929972, 'Auslastung': 0.3431372549019608, 'Av_Warteschlangen': 2.5910364145658282, 'Av_Auslastung': 0.4078431372549021, 'Soll': 0.8460805860805861, 'episode': {'r': -155.5, 'l': 355, 't': 9025.393827, 'Typ1': 5577.195533842481, 'Typ2': 2662.9623733912154, 'Typ3': 8483.025626576427, 'Typ4': 5232.009829807197, 'Typ5': 5373.696894975542, 'Warteschlangen': 15.630812324929972, 'Auslastung': 0.3431372549019608}}
Steps = 360
Return = -146.21999999999994
Info = {'Typ1': 5668.062833624718, 'Typ2': 3533.8158909217013, 'Typ3': 6594.897054350432, 'Typ4': 5316.340227991997, 'Typ5': 4966.67481061205, 'Warteschlangen': 14.792265193370149, 'Auslastung': 0.3232044198895029, 'Av_Warteschlangen': 2.6856353591160205, 'Av_Auslastung': 0.39889502762430956, 'Soll': 0.8810093727469358, 'episode': {'r': -146.22, 'l': 360, 't': 9052.493843, 'Typ1': 5668.062833624718, 'Typ2': 3533.8158909217013, 'Typ3': 6594.897054350432, 'Typ4': 5316.340227991997, 'Typ5': 4966.67481061205, 'Warteschlangen': 14.792265193370149, 'Auslastung': 0.3232044198895029}}
Steps = 375
Return = -129.21999999999997
Info = {'Typ1': 2314.182042954107, 'Typ2': 2434.5083318649135, 'Typ3': 4043.323391382225, 'Typ4': 4420.599720613098, 'Typ5': 4133.3987506181675, 'Warteschlangen': 9.588859416445628, 'Auslastung': 0.3167108753315647, 'Av_Warteschlangen': 2.0217506631299713, 'Av_Auslastung': 0.38832891246684376, 'Soll': 0.8844789510006901, 'episode': {'r': -129.22, 'l': 375, 't': 9082.064017, 'Typ1': 2314.182042954107, 'Typ2': 2434.5083318649135, 'Typ3': 4043.323391382225, 'Typ4': 4420.599720613098, 'Typ5': 4133.3987506181675, 'Warteschlangen': 9.588859416445628, 'Auslastung': 0.3167108753315647}}
Steps = 362
Return = -151.32000000000008
Info = {'Typ1': 5322.129289488247, 'Typ2': 4295.029688448259, 'Typ3': 7256.921704724952, 'Typ4': 6746.380090254397, 'Typ5': 4686.218376351047, 'Warteschlangen': 12.171703296703297, 'Auslastung': 0.30659340659340667, 'Av_Warteschlangen': 2.9483516483516476, 'Av_Auslastung': 0.40164835164835183, 'Soll': 0.9012307692307692, 'episode': {'r': -151.32, 'l': 362, 't': 9108.524004, 'Typ1': 5322.129289488247, 'Typ2': 4295.029688448259, 'Typ3': 7256.921704724952, 'Typ4': 6746.380090254397, 'Typ5': 4686.218376351047, 'Warteschlangen': 12.171703296703297, 'Auslastung': 0.30659340659340667}}
