Steps = 338
Return = -23.0
Info = {'Typ1': 1709.5533158136232, 'Typ2': 1252.8921775737801, 'Typ3': 1446.267832076336, 'Typ4': 5363.616195926881, 'Typ5': 874.2949683713268, 'Warteschlangen': 8.062941176470577, 'Auslastung': 1268.35205882353, 'Av_Warteschlangen': 1.6994117647058795, 'Av_Auslastung': 20.101764705882367, 'Soll': 0.7231669535283993, 'episode': {'r': -23.0, 'l': 338, 't': 67.401733, 'Typ1': 1709.5533158136232, 'Typ2': 1252.8921775737801, 'Typ3': 1446.267832076336, 'Typ4': 5363.616195926881, 'Typ5': 874.2949683713268, 'Warteschlangen': 8.062941176470577, 'Auslastung': 1268.35205882353}}
Steps = 347
Return = -20.0
Info = {'Typ1': 1407.96672676548, 'Typ2': 704.4835792453138, 'Typ3': 2164.1117194846524, 'Typ4': 3457.7036583168197, 'Typ5': 2983.507248853023, 'Warteschlangen': 7.4679083094555825, 'Auslastung': 628.5790830945559, 'Av_Warteschlangen': 1.4022922636103134, 'Av_Auslastung': 16.284240687679095, 'Soll': 0.8067599067599067, 'episode': {'r': -20.0, 'l': 347, 't': 101.708064, 'Typ1': 1407.96672676548, 'Typ2': 704.4835792453138, 'Typ3': 2164.1117194846524, 'Typ4': 3457.7036583168197, 'Typ5': 2983.507248853023, 'Warteschlangen': 7.4679083094555825, 'Auslastung': 628.5790830945559}}
Steps = 348
Return = -40.0
Info = {'Typ1': 1752.298241404385, 'Typ2': 1338.0072863850364, 'Typ3': 2791.291764143654, 'Typ4': 4830.884675594187, 'Typ5': 1263.172387908522, 'Warteschlangen': 8.974285714285719, 'Auslastung': 1231.4905714285717, 'Av_Warteschlangen': 1.7594285714285685, 'Av_Auslastung': 20.450857142857156, 'Soll': 0.7600530269553689, 'episode': {'r': -40.0, 'l': 348, 't': 135.24538, 'Typ1': 1752.298241404385, 'Typ2': 1338.0072863850364, 'Typ3': 2791.291764143654, 'Typ4': 4830.884675594187, 'Typ5': 1263.172387908522, 'Warteschlangen': 8.974285714285719, 'Auslastung': 1231.4905714285717}}
Steps = 341
Return = -44.0
Info = {'Typ1': 500.6053801745565, 'Typ2': 581.3358448791806, 'Typ3': 1945.672087291405, 'Typ4': 4424.860884791305, 'Typ5': 0.0, 'Warteschlangen': 5.430029154518942, 'Auslastung': 7063.448396501456, 'Av_Warteschlangen': 1.0594752186588878, 'Av_Auslastung': 44.86880466472304, 'Soll': 0.7478260869565216, 'episode': {'r': -44.0, 'l': 341, 't': 172.406922, 'Typ1': 500.6053801745565, 'Typ2': 581.3358448791806, 'Typ3': 1945.672087291405, 'Typ4': 4424.860884791305, 'Typ5': 0.0, 'Warteschlangen': 5.430029154518942, 'Auslastung': 7063.448396501456}}
