Steps = 327
Return = -114.7636083806526
Info = {'Typ1': 400.92733290747265, 'Typ2': 2940.5123430723584, 'Typ3': 6833.503457594901, 'Typ4': 0.0, 'Typ5': 2548.366359142612, 'Warteschlangen': 9.350759878419458, 'Auslastung': 0.36990881458966546, 'Av_Warteschlangen': 1.7252279635258339, 'Av_Auslastung': 0.42310030395136833, 'Soll': 0.7397590361445783, 'episode': {'r': -114.763608, 'l': 327, 't': 66.230379, 'Typ1': 400.92733290747265, 'Typ2': 2940.5123430723584, 'Typ3': 6833.503457594901, 'Typ4': 0.0, 'Typ5': 2548.366359142612, 'Warteschlangen': 9.350759878419458, 'Auslastung': 0.36990881458966546}}
Steps = 337
Return = -120.49274273542298
Info = {'Typ1': 449.84108962076107, 'Typ2': 3456.9545080297967, 'Typ3': 7744.1757308206725, 'Typ4': 0.0, 'Typ5': 3689.4019756686153, 'Warteschlangen': 11.41946902654867, 'Auslastung': 0.35545722713864286, 'Av_Warteschlangen': 2.102654867256638, 'Av_Auslastung': 0.40884955752212454, 'Soll': 0.7461538461538462, 'episode': {'r': -120.492743, 'l': 337, 't': 100.620195, 'Typ1': 449.84108962076107, 'Typ2': 3456.9545080297967, 'Typ3': 7744.1757308206725, 'Typ4': 0.0, 'Typ5': 3689.4019756686153, 'Warteschlangen': 11.41946902654867, 'Auslastung': 0.35545722713864286}}
Steps = 338
Return = -119.03073638062764
Info = {'Typ1': 448.4092850632215, 'Typ2': 3153.977852605747, 'Typ3': 6735.535963001828, 'Typ4': 0.0, 'Typ5': 2378.5126397964186, 'Warteschlangen': 10.55558823529413, 'Auslastung': 0.3738235294117643, 'Av_Warteschlangen': 1.8223529411764716, 'Av_Auslastung': 0.4229411764705892, 'Soll': 0.7397260273972603, 'episode': {'r': -119.030736, 'l': 338, 't': 135.531816, 'Typ1': 448.4092850632215, 'Typ2': 3153.977852605747, 'Typ3': 6735.535963001828, 'Typ4': 0.0, 'Typ5': 2378.5126397964186, 'Warteschlangen': 10.55558823529413, 'Auslastung': 0.3738235294117643}}
Steps = 345
Return = -138.25531436762842
Info = {'Typ1': 447.0240585092697, 'Typ2': 3313.0104346121184, 'Typ3': 10691.365959076264, 'Typ4': 7575.706780043607, 'Typ5': 4534.603071178772, 'Warteschlangen': 10.281844380403468, 'Auslastung': 0.39682997118155594, 'Av_Warteschlangen': 2.0680115273775224, 'Av_Auslastung': 0.4161383285302598, 'Soll': 0.8014492753623188, 'episode': {'r': -138.255314, 'l': 345, 't': 170.188788, 'Typ1': 447.0240585092697, 'Typ2': 3313.0104346121184, 'Typ3': 10691.365959076264, 'Typ4': 7575.706780043607, 'Typ5': 4534.603071178772, 'Warteschlangen': 10.281844380403468, 'Auslastung': 0.39682997118155594}}
