Steps = 352
Return = -106.61999999999993
Info = {'Typ1': 402.7137026938736, 'Typ2': 337.03194093990754, 'Typ3': 579.1404841827579, 'Typ4': 3884.2418040585303, 'Typ5': 10536.705807997145, 'Warteschlangen': 8.469774011299448, 'Auslastung': 0.38983050847457584, 'Av_Warteschlangen': 1.2887005649717542, 'Av_Auslastung': 0.4000000000000014, 'Soll': 0.7241966786063172, 'episode': {'r': -106.62, 'l': 352, 't': 6320.284926, 'Typ1': 402.7137026938736, 'Typ2': 337.03194093990754, 'Typ3': 579.1404841827579, 'Typ4': 3884.2418040585303, 'Typ5': 10536.705807997145, 'Warteschlangen': 8.469774011299448, 'Auslastung': 0.38983050847457584}}
Steps = 352
Return = -105.39999999999993
Info = {'Typ1': 442.903727088255, 'Typ2': 362.0505308005364, 'Typ3': 563.1748118733667, 'Typ4': 3281.617256091286, 'Typ5': 10483.70635132432, 'Warteschlangen': 8.658192090395495, 'Auslastung': 0.39717514124293823, 'Av_Warteschlangen': 1.338983050847461, 'Av_Auslastung': 0.4079096045197757, 'Soll': 0.7652014652014653, 'episode': {'r': -105.4, 'l': 352, 't': 6356.104661, 'Typ1': 442.903727088255, 'Typ2': 362.0505308005364, 'Typ3': 563.1748118733667, 'Typ4': 3281.617256091286, 'Typ5': 10483.70635132432, 'Warteschlangen': 8.658192090395495, 'Auslastung': 0.39717514124293823}}
Steps = 352
Return = -118.19999999999995
Info = {'Typ1': 365.3490322635219, 'Typ2': 334.38900887027506, 'Typ3': 509.6940601840298, 'Typ4': 3925.190418100601, 'Typ5': 13159.976558043974, 'Warteschlangen': 9.09830508474578, 'Auslastung': 0.4169491525423732, 'Av_Warteschlangen': 1.3615819209039584, 'Av_Auslastung': 0.4146892655367246, 'Soll': 0.7233739095824073, 'episode': {'r': -118.2, 'l': 352, 't': 6391.415869, 'Typ1': 365.3490322635219, 'Typ2': 334.38900887027506, 'Typ3': 509.6940601840298, 'Typ4': 3925.190418100601, 'Typ5': 13159.976558043974, 'Warteschlangen': 9.09830508474578, 'Auslastung': 0.4169491525423732}}
Steps = 352
Return = -115.41999999999993
Info = {'Typ1': 399.97653208014, 'Typ2': 366.8169162372833, 'Typ3': 506.5712346640661, 'Typ4': 2575.069571513643, 'Typ5': 11777.136837386628, 'Warteschlangen': 9.198870056497192, 'Auslastung': 0.4127118644067793, 'Av_Warteschlangen': 1.3960451977401167, 'Av_Auslastung': 0.40677966101695084, 'Soll': 0.7258281573498965, 'episode': {'r': -115.42, 'l': 352, 't': 6426.981441, 'Typ1': 399.97653208014, 'Typ2': 366.8169162372833, 'Typ3': 506.5712346640661, 'Typ4': 2575.069571513643, 'Typ5': 11777.136837386628, 'Warteschlangen': 9.198870056497192, 'Auslastung': 0.4127118644067793}}
Steps = 353
Return = -103.97999999999992
Info = {'Typ1': 426.30404480684643, 'Typ2': 410.3611687769757, 'Typ3': 638.929234506083, 'Typ4': 2855.497041723338, 'Typ5': 10812.896459928816, 'Warteschlangen': 8.310704225352124, 'Auslastung': 0.41492957746478887, 'Av_Warteschlangen': 1.2952112676056369, 'Av_Auslastung': 0.4247887323943681, 'Soll': 0.7775824175824175, 'episode': {'r': -103.98, 'l': 353, 't': 6461.626951, 'Typ1': 426.30404480684643, 'Typ2': 410.3611687769757, 'Typ3': 638.929234506083, 'Typ4': 2855.497041723338, 'Typ5': 10812.896459928816, 'Warteschlangen': 8.310704225352124, 'Auslastung': 0.41492957746478887}}
