Steps = 355
Return = -124.35999999999996
Info = {'Typ1': 1891.415260573035, 'Typ2': 3018.6409099662224, 'Typ3': 3569.633087427164, 'Typ4': 5163.003937636087, 'Typ5': 4349.835565950988, 'Warteschlangen': 8.841456582633056, 'Auslastung': 0.33641456582633045, 'Av_Warteschlangen': 1.7467787114845932, 'Av_Auslastung': 0.4016806722689082, 'Soll': 0.8889537095751427, 'episode': {'r': -124.36, 'l': 355, 't': 6489.270404, 'Typ1': 1891.415260573035, 'Typ2': 3018.6409099662224, 'Typ3': 3569.633087427164, 'Typ4': 5163.003937636087, 'Typ5': 4349.835565950988, 'Warteschlangen': 8.841456582633056, 'Auslastung': 0.33641456582633045}}
Steps = 360
Return = -143.3599999999999
Info = {'Typ1': 4264.361129246321, 'Typ2': 4279.229901160381, 'Typ3': 6054.321254981601, 'Typ4': 6673.826883501263, 'Typ5': 4613.038207598391, 'Warteschlangen': 11.711325966850834, 'Auslastung': 0.3116022099447512, 'Av_Warteschlangen': 2.44088397790055, 'Av_Auslastung': 0.4082872928176796, 'Soll': 0.8638461538461538, 'episode': {'r': -143.36, 'l': 360, 't': 6512.542389, 'Typ1': 4264.361129246321, 'Typ2': 4279.229901160381, 'Typ3': 6054.321254981601, 'Typ4': 6673.826883501263, 'Typ5': 4613.038207598391, 'Warteschlangen': 11.711325966850834, 'Auslastung': 0.3116022099447512}}
Steps = 355
Return = -139.66000000000003
Info = {'Typ1': 4258.98194961968, 'Typ2': 5143.574830004092, 'Typ3': 7164.320488797237, 'Typ4': 5976.041653055037, 'Typ5': 4644.493460870031, 'Warteschlangen': 10.180952380952384, 'Auslastung': 0.35070028011204485, 'Av_Warteschlangen': 2.3154061624649827, 'Av_Auslastung': 0.41624649859944, 'Soll': 0.8788884679774662, 'episode': {'r': -139.66, 'l': 355, 't': 6536.551043, 'Typ1': 4258.98194961968, 'Typ2': 5143.574830004092, 'Typ3': 7164.320488797237, 'Typ4': 5976.041653055037, 'Typ5': 4644.493460870031, 'Warteschlangen': 10.180952380952384, 'Auslastung': 0.35070028011204485}}
Steps = 346
Return = -115.31999999999991
Info = {'Typ1': 2953.9704122714443, 'Typ2': 4958.069491311583, 'Typ3': 4810.467270636116, 'Typ4': 6630.614766161845, 'Typ5': 5254.888634828178, 'Warteschlangen': 10.329885057471275, 'Auslastung': 0.3594827586206897, 'Av_Warteschlangen': 2.135632183908045, 'Av_Auslastung': 0.42413793103448305, 'Soll': 0.8992374051069703, 'episode': {'r': -115.32, 'l': 346, 't': 6560.032081, 'Typ1': 2953.9704122714443, 'Typ2': 4958.069491311583, 'Typ3': 4810.467270636116, 'Typ4': 6630.614766161845, 'Typ5': 5254.888634828178, 'Warteschlangen': 10.329885057471275, 'Auslastung': 0.3594827586206897}}
Steps = 361
Return = -158.33999999999983
Info = {'Typ1': 8565.820806897456, 'Typ2': 3862.3005512023583, 'Typ3': 10865.482613355778, 'Typ4': 6885.599042312352, 'Typ5': 7854.230873997456, 'Warteschlangen': 16.799449035812664, 'Auslastung': 0.3385674931129478, 'Av_Warteschlangen': 2.9570247933884333, 'Av_Auslastung': 0.4077134986225897, 'Soll': 0.8513846153846153, 'episode': {'r': -158.34, 'l': 361, 't': 6584.019671, 'Typ1': 8565.820806897456, 'Typ2': 3862.3005512023583, 'Typ3': 10865.482613355778, 'Typ4': 6885.599042312352, 'Typ5': 7854.230873997456, 'Warteschlangen': 16.799449035812664, 'Auslastung': 0.3385674931129478}}
