Steps = 304
Return = -103.3
Info = {'Typ1': 393.0808695367638, 'Typ2': 364.29341898826914, 'Typ3': 872.1266157372572, 'Typ4': 0.0, 'Typ5': 0.0, 'Warteschlangen': 0.3127450980392159, 'Auslastung': 5775.293137254903, 'Av_Warteschlangen': 0.1372549019607845, 'Av_Auslastung': 44.6392156862745, 'Soll': 0.512, 'episode': {'r': -103.3, 'l': 304, 't': 8952.701388, 'Typ1': 393.0808695367638, 'Typ2': 364.29341898826914, 'Typ3': 872.1266157372572, 'Typ4': 0.0, 'Typ5': 0.0, 'Warteschlangen': 0.3127450980392159, 'Auslastung': 5775.293137254903}}
Steps = 304
Return = -114.0
Info = {'Typ1': 450.02878707685466, 'Typ2': 324.9821766554645, 'Typ3': 1034.5378564684574, 'Typ4': 0.0, 'Typ5': 0.0, 'Warteschlangen': 0.39771241830065374, 'Auslastung': 5767.675816993465, 'Av_Warteschlangen': 0.19607843137254927, 'Av_Auslastung': 38.599346405228765, 'Soll': 0.5171428571428571, 'episode': {'r': -114.0, 'l': 304, 't': 8983.324914, 'Typ1': 450.02878707685466, 'Typ2': 324.9821766554645, 'Typ3': 1034.5378564684574, 'Typ4': 0.0, 'Typ5': 0.0, 'Warteschlangen': 0.39771241830065374, 'Auslastung': 5767.675816993465}}
Steps = 304
Return = -118.10000000000002
Info = {'Typ1': 411.30020843478815, 'Typ2': 357.303142710937, 'Typ3': 1466.9713865238537, 'Typ4': 0.0, 'Typ5': 0.0, 'Warteschlangen': 1.563071895424835, 'Auslastung': 5661.661437908498, 'Av_Warteschlangen': 0.33202614379085005, 'Av_Auslastung': 43.88366013071895, 'Soll': 0.5694915254237288, 'episode': {'r': -118.1, 'l': 304, 't': 9014.093, 'Typ1': 411.30020843478815, 'Typ2': 357.303142710937, 'Typ3': 1466.9713865238537, 'Typ4': 0.0, 'Typ5': 0.0, 'Warteschlangen': 1.563071895424835, 'Auslastung': 5661.661437908498}}
Steps = 301
Return = -119.5
Info = {'Typ1': 453.36453870979, 'Typ2': 345.23111091146035, 'Typ3': 1238.035905563693, 'Typ4': 0.0, 'Typ5': 0.0, 'Warteschlangen': 1.4848184818481847, 'Auslastung': 5525.992079207922, 'Av_Warteschlangen': 0.3227722772277233, 'Av_Auslastung': 44.35907590759077, 'Soll': 0.5892857142857142, 'episode': {'r': -119.5, 'l': 301, 't': 9044.614318, 'Typ1': 453.36453870979, 'Typ2': 345.23111091146035, 'Typ3': 1238.035905563693, 'Typ4': 0.0, 'Typ5': 0.0, 'Warteschlangen': 1.4848184818481847, 'Auslastung': 5525.992079207922}}
