Steps = 305
Return = -122.09999999999995
Info = {'Typ1': 579.226789061263, 'Typ2': 351.3555806850589, 'Typ3': 676.106516708043, 'Typ4': 0.0, 'Typ5': 0.0, 'Warteschlangen': 0.594462540716612, 'Auslastung': 5694.357328990228, 'Av_Warteschlangen': 0.22996742671009784, 'Av_Auslastung': 49.75960912052117, 'Soll': 0.512, 'episode': {'r': -122.1, 'l': 305, 't': 9148.575599, 'Typ1': 579.226789061263, 'Typ2': 351.3555806850589, 'Typ3': 676.106516708043, 'Typ4': 0.0, 'Typ5': 0.0, 'Warteschlangen': 0.594462540716612, 'Auslastung': 5694.357328990228}}
Steps = 302
Return = -115.80000000000003
Info = {'Typ1': 421.765717567878, 'Typ2': 358.55326192713153, 'Typ3': 623.4188016869806, 'Typ4': 0.0, 'Typ5': 0.0, 'Warteschlangen': 0.1335526315789473, 'Auslastung': 6085.893092105263, 'Av_Warteschlangen': 0.10065789473684189, 'Av_Auslastung': 51.98815789473684, 'Soll': 0.47714285714285715, 'episode': {'r': -115.8, 'l': 302, 't': 9179.560044, 'Typ1': 421.765717567878, 'Typ2': 358.55326192713153, 'Typ3': 623.4188016869806, 'Typ4': 0.0, 'Typ5': 0.0, 'Warteschlangen': 0.1335526315789473, 'Auslastung': 6085.893092105263}}
Steps = 302
Return = -113.8
Info = {'Typ1': 573.9940712899675, 'Typ2': 348.71577028441084, 'Typ3': 644.4378248652112, 'Typ4': 0.0, 'Typ5': 0.0, 'Warteschlangen': 0.5917763157894739, 'Auslastung': 5703.029605263158, 'Av_Warteschlangen': 0.2414473684210527, 'Av_Auslastung': 49.71315789473684, 'Soll': 0.5389830508474576, 'episode': {'r': -113.8, 'l': 302, 't': 9209.393484, 'Typ1': 573.9940712899675, 'Typ2': 348.71577028441084, 'Typ3': 644.4378248652112, 'Typ4': 0.0, 'Typ5': 0.0, 'Warteschlangen': 0.5917763157894739, 'Auslastung': 5703.029605263158}}
Steps = 305
Return = -108.8
Info = {'Typ1': 437.43483005303494, 'Typ2': 367.4029683365779, 'Typ3': 852.1510796335293, 'Typ4': 0.0, 'Typ5': 0.0, 'Warteschlangen': 0.47231270358306127, 'Auslastung': 6039.150162866449, 'Av_Warteschlangen': 0.2052117263843654, 'Av_Auslastung': 54.29315960912051, 'Soll': 0.575, 'episode': {'r': -108.8, 'l': 305, 't': 9240.734285, 'Typ1': 437.43483005303494, 'Typ2': 367.4029683365779, 'Typ3': 852.1510796335293, 'Typ4': 0.0, 'Typ5': 0.0, 'Warteschlangen': 0.47231270358306127, 'Auslastung': 6039.150162866449}}
