Steps = 341
Return = -112.73828611182485
Info = {'Typ1': 2424.9600310370515, 'Typ2': 3828.0133275931476, 'Typ3': 4376.26652826993, 'Typ4': 7091.552461291606, 'Typ5': 4689.105286718426, 'Warteschlangen': 9.385422740524797, 'Auslastung': 0.365014577259475, 'Av_Warteschlangen': 1.8944606413994138, 'Av_Auslastung': 0.4274052478134112, 'Soll': 0.8621686746987951, 'episode': {'r': -112.738286, 'l': 341, 't': 6623.425832, 'Typ1': 2424.9600310370515, 'Typ2': 3828.0133275931476, 'Typ3': 4376.26652826993, 'Typ4': 7091.552461291606, 'Typ5': 4689.105286718426, 'Warteschlangen': 9.385422740524797, 'Auslastung': 0.365014577259475}}
Steps = 354
Return = -103.84897695430733
Info = {'Typ1': 4333.570276511349, 'Typ2': 3156.126694734238, 'Typ3': 6468.997770782847, 'Typ4': 6413.3971740858005, 'Typ5': 4651.998659517185, 'Warteschlangen': 14.114606741573022, 'Auslastung': 0.3508426966292135, 'Av_Warteschlangen': 2.5713483146067397, 'Av_Auslastung': 0.4129213483146073, 'Soll': 0.864029304029304, 'episode': {'r': -103.848977, 'l': 354, 't': 6647.024081, 'Typ1': 4333.570276511349, 'Typ2': 3156.126694734238, 'Typ3': 6468.997770782847, 'Typ4': 6413.3971740858005, 'Typ5': 4651.998659517185, 'Warteschlangen': 14.114606741573022, 'Auslastung': 0.3508426966292135}}
Steps = 361
Return = -124.23944010649524
Info = {'Typ1': 5136.558809839779, 'Typ2': 5806.120669313499, 'Typ3': 7263.417284121779, 'Typ4': 8048.931888886314, 'Typ5': 7161.026760010154, 'Warteschlangen': 12.758126721763102, 'Auslastung': 0.37465564738291995, 'Av_Warteschlangen': 2.6534435261707983, 'Av_Auslastung': 0.4110192837465563, 'Soll': 0.877433309300649, 'episode': {'r': -124.23944, 'l': 361, 't': 6669.354051, 'Typ1': 5136.558809839779, 'Typ2': 5806.120669313499, 'Typ3': 7263.417284121779, 'Typ4': 8048.931888886314, 'Typ5': 7161.026760010154, 'Warteschlangen': 12.758126721763102, 'Auslastung': 0.37465564738291995}}
Steps = 343
Return = -100.9636003365375
Info = {'Typ1': 2847.6399260912244, 'Typ2': 5346.0090896332285, 'Typ3': 5412.625606060364, 'Typ4': 6161.665023957773, 'Typ5': 5375.096633940877, 'Warteschlangen': 11.237971014492778, 'Auslastung': 0.3452173913043476, 'Av_Warteschlangen': 2.280579710144924, 'Av_Auslastung': 0.4144927536231884, 'Soll': 0.8958661145617668, 'episode': {'r': -100.9636, 'l': 343, 't': 6691.212416, 'Typ1': 2847.6399260912244, 'Typ2': 5346.0090896332285, 'Typ3': 5412.625606060364, 'Typ4': 6161.665023957773, 'Typ5': 5375.096633940877, 'Warteschlangen': 11.237971014492778, 'Auslastung': 0.3452173913043476}}
Steps = 363
Return = -109.54786376946355
Info = {'Typ1': 8175.148617289593, 'Typ2': 5782.737853232076, 'Typ3': 9797.322726753457, 'Typ4': 8526.502658851383, 'Typ5': 6927.139918911645, 'Warteschlangen': 15.056164383561649, 'Auslastung': 0.35369863013698655, 'Av_Warteschlangen': 3.246027397260274, 'Av_Auslastung': 0.42684931506849344, 'Soll': 0.8667692307692307, 'episode': {'r': -109.547864, 'l': 363, 't': 6713.605671, 'Typ1': 8175.148617289593, 'Typ2': 5782.737853232076, 'Typ3': 9797.322726753457, 'Typ4': 8526.502658851383, 'Typ5': 6927.139918911645, 'Warteschlangen': 15.056164383561649, 'Auslastung': 0.35369863013698655}}
