Steps = 304
Return = -46.962457179644765
Info = {'Typ1': 366.0677891948057, 'Typ2': 350.3903122119467, 'Typ3': 717.0026020985848, 'Typ4': 775.9616818152842, 'Typ5': 939.5904994387813, 'Warteschlangen': 0.30196078431372536, 'Auslastung': 0.3398692810457511, 'Av_Warteschlangen': 0.18039215686274512, 'Av_Auslastung': 0.4431372549019612, 'Soll': 0.9527710843373495, 'episode': {'r': -46.962457, 'l': 304, 't': 6490.89383, 'Typ1': 366.0677891948057, 'Typ2': 350.3903122119467, 'Typ3': 717.0026020985848, 'Typ4': 775.9616818152842, 'Typ5': 939.5904994387813, 'Warteschlangen': 0.30196078431372536, 'Auslastung': 0.3398692810457511}}
Steps = 315
Return = -51.22648948917998
Info = {'Typ1': 412.76897818807544, 'Typ2': 355.32892780849653, 'Typ3': 1037.661453729591, 'Typ4': 1244.6375582449275, 'Typ5': 1606.0182849684352, 'Warteschlangen': 2.208832807570978, 'Auslastung': 0.34132492113564616, 'Av_Warteschlangen': 0.502208201892744, 'Av_Auslastung': 0.456782334384858, 'Soll': 0.9342857142857144, 'episode': {'r': -51.226489, 'l': 315, 't': 6519.038397, 'Typ1': 412.76897818807544, 'Typ2': 355.32892780849653, 'Typ3': 1037.661453729591, 'Typ4': 1244.6375582449275, 'Typ5': 1606.0182849684352, 'Warteschlangen': 2.208832807570978, 'Auslastung': 0.34132492113564616}}
Steps = 303
Return = -47.65985022911872
Info = {'Typ1': 355.31275819815, 'Typ2': 363.0009466066402, 'Typ3': 613.3747228455675, 'Typ4': 806.0712740884644, 'Typ5': 909.0329972423223, 'Warteschlangen': 0.2488524590163936, 'Auslastung': 0.3455737704918027, 'Av_Warteschlangen': 0.1626229508196721, 'Av_Auslastung': 0.4426229508196725, 'Soll': 0.960606601248885, 'episode': {'r': -47.65985, 'l': 303, 't': 6546.593332, 'Typ1': 355.31275819815, 'Typ2': 363.0009466066402, 'Typ3': 613.3747228455675, 'Typ4': 806.0712740884644, 'Typ5': 909.0329972423223, 'Warteschlangen': 0.2488524590163936, 'Auslastung': 0.3455737704918027}}
Steps = 309
Return = -54.10593382289284
Info = {'Typ1': 434.4718907394846, 'Typ2': 362.8882076668429, 'Typ3': 1126.593898389468, 'Typ4': 1672.1597087975165, 'Typ5': 1445.3303777287526, 'Warteschlangen': 2.5565916398713804, 'Auslastung': 0.3530546623794208, 'Av_Warteschlangen': 0.5961414790996785, 'Av_Auslastung': 0.4662379421221868, 'Soll': 0.9338509316770185, 'episode': {'r': -54.105934, 'l': 309, 't': 6573.154699, 'Typ1': 434.4718907394846, 'Typ2': 362.8882076668429, 'Typ3': 1126.593898389468, 'Typ4': 1672.1597087975165, 'Typ5': 1445.3303777287526, 'Warteschlangen': 2.5565916398713804, 'Auslastung': 0.3530546623794208}}
Steps = 304
Return = -45.39925790514115
Info = {'Typ1': 418.4257521404013, 'Typ2': 360.83698927054286, 'Typ3': 782.6522608048006, 'Typ4': 917.4888754136704, 'Typ5': 911.7230101859492, 'Warteschlangen': 0.3614379084967322, 'Auslastung': 0.3313725490196072, 'Av_Warteschlangen': 0.23071895424836647, 'Av_Auslastung': 0.4732026143790851, 'Soll': 0.961076923076923, 'episode': {'r': -45.399258, 'l': 304, 't': 6600.459534, 'Typ1': 418.4257521404013, 'Typ2': 360.83698927054286, 'Typ3': 782.6522608048006, 'Typ4': 917.4888754136704, 'Typ5': 911.7230101859492, 'Warteschlangen': 0.3614379084967322, 'Auslastung': 0.3313725490196072}}
