Steps = 344
Return = -137.44000000000003
Info = {'Typ1': 4183.096970256561, 'Typ2': 5224.553869488874, 'Typ3': 6558.852994801886, 'Typ4': 8701.882654929836, 'Typ5': 5727.084908642972, 'Warteschlangen': 10.817341040462445, 'Auslastung': 0.3716763005780347, 'Av_Warteschlangen': 2.2670520231213844, 'Av_Auslastung': 0.419653179190752, 'Soll': 0.8402029169308814, 'episode': {'r': -137.44, 'l': 344, 't': 8443.321124, 'Typ1': 4183.096970256561, 'Typ2': 5224.553869488874, 'Typ3': 6558.852994801886, 'Typ4': 8701.882654929836, 'Typ5': 5727.084908642972, 'Warteschlangen': 10.817341040462445, 'Auslastung': 0.3716763005780347}}
Steps = 361
Return = -148.21999999999994
Info = {'Typ1': 4243.8059508344895, 'Typ2': 2235.102774346876, 'Typ3': 7432.767258701117, 'Typ4': 4757.740188153387, 'Typ5': 5775.9947850869075, 'Warteschlangen': 14.154269972451798, 'Auslastung': 0.3308539944903581, 'Av_Warteschlangen': 2.485399449035813, 'Av_Auslastung': 0.40110192837465586, 'Soll': 0.8461904761904762, 'episode': {'r': -148.22, 'l': 361, 't': 8469.739413, 'Typ1': 4243.8059508344895, 'Typ2': 2235.102774346876, 'Typ3': 7432.767258701117, 'Typ4': 4757.740188153387, 'Typ5': 5775.9947850869075, 'Warteschlangen': 14.154269972451798, 'Auslastung': 0.3308539944903581}}
Steps = 361
Return = -147.49999999999983
Info = {'Typ1': 5412.309478626966, 'Typ2': 4209.776439824354, 'Typ3': 7183.997927392447, 'Typ4': 5050.225910072779, 'Typ5': 6104.383263258833, 'Warteschlangen': 13.979063360881554, 'Auslastung': 0.3292011019283747, 'Av_Warteschlangen': 2.8236914600550946, 'Av_Auslastung': 0.4093663911845733, 'Soll': 0.8837490987743332, 'episode': {'r': -147.5, 'l': 361, 't': 8495.555691, 'Typ1': 5412.309478626966, 'Typ2': 4209.776439824354, 'Typ3': 7183.997927392447, 'Typ4': 5050.225910072779, 'Typ5': 6104.383263258833, 'Warteschlangen': 13.979063360881554, 'Auslastung': 0.3292011019283747}}
Steps = 363
Return = -128.98000000000002
Info = {'Typ1': 3193.7516685297423, 'Typ2': 3954.9158720016753, 'Typ3': 5048.640886736642, 'Typ4': 6291.494278316367, 'Typ5': 5079.258739478443, 'Warteschlangen': 11.043835616438386, 'Auslastung': 0.32493150684931515, 'Av_Warteschlangen': 2.2460273972602702, 'Av_Auslastung': 0.4060273972602741, 'Soll': 0.8715389924085576, 'episode': {'r': -128.98, 'l': 363, 't': 8520.134431, 'Typ1': 3193.7516685297423, 'Typ2': 3954.9158720016753, 'Typ3': 5048.640886736642, 'Typ4': 6291.494278316367, 'Typ5': 5079.258739478443, 'Warteschlangen': 11.043835616438386, 'Auslastung': 0.32493150684931515}}
Steps = 360
Return = -138.50000000000003
Info = {'Typ1': 4571.810141787645, 'Typ2': 4299.968506947827, 'Typ3': 6486.721456861653, 'Typ4': 7256.638096239535, 'Typ5': 5880.778950141146, 'Warteschlangen': 11.844751381215477, 'Auslastung': 0.3323204419889503, 'Av_Warteschlangen': 2.693370165745857, 'Av_Auslastung': 0.4055248618784536, 'Soll': 0.9021538461538462, 'episode': {'r': -138.5, 'l': 360, 't': 8543.589496, 'Typ1': 4571.810141787645, 'Typ2': 4299.968506947827, 'Typ3': 6486.721456861653, 'Typ4': 7256.638096239535, 'Typ5': 5880.778950141146, 'Warteschlangen': 11.844751381215477, 'Auslastung': 0.3323204419889503}}
