Steps = 333
Return = -68.11999999999985
Info = {'Typ1': 430.7195517142658, 'Typ2': 409.06269664692013, 'Typ3': 1470.0515908673622, 'Typ4': 1885.0426232846844, 'Typ5': 0.0, 'Warteschlangen': 3.6997014925373097, 'Auslastung': 0.40328358208955123, 'Av_Warteschlangen': 0.690149253731343, 'Av_Auslastung': 0.4113432835820906, 'Soll': 0.7019863236730707, 'episode': {'r': -68.12, 'l': 333, 't': 8318.554401, 'Typ1': 430.7195517142658, 'Typ2': 409.06269664692013, 'Typ3': 1470.0515908673622, 'Typ4': 1885.0426232846844, 'Typ5': 0.0, 'Warteschlangen': 3.6997014925373097, 'Auslastung': 0.40328358208955123}}
Steps = 341
Return = -54.720000000000056
Info = {'Typ1': 448.0345868928514, 'Typ2': 429.33541095685183, 'Typ3': 1531.51920790122, 'Typ4': 4071.6955741299535, 'Typ5': 0.0, 'Warteschlangen': 4.933236151603492, 'Auslastung': 0.3997084548104949, 'Av_Warteschlangen': 0.924781341107869, 'Av_Auslastung': 0.41166180758017623, 'Soll': 0.7794871794871795, 'episode': {'r': -54.72, 'l': 341, 't': 8351.92924, 'Typ1': 448.0345868928514, 'Typ2': 429.33541095685183, 'Typ3': 1531.51920790122, 'Typ4': 4071.6955741299535, 'Typ5': 0.0, 'Warteschlangen': 4.933236151603492, 'Auslastung': 0.3997084548104949}}
Steps = 339
Return = -74.7799999999998
Info = {'Typ1': 466.14317635728725, 'Typ2': 367.79244040778485, 'Typ3': 1439.47597464621, 'Typ4': 2337.3002440084906, 'Typ5': 0.0, 'Warteschlangen': 4.195307917888558, 'Auslastung': 0.39589442815249176, 'Av_Warteschlangen': 0.7853372434017579, 'Av_Auslastung': 0.40058651026393033, 'Soll': 0.6649706457925635, 'episode': {'r': -74.78, 'l': 339, 't': 8386.176359, 'Typ1': 466.14317635728725, 'Typ2': 367.79244040778485, 'Typ3': 1439.47597464621, 'Typ4': 2337.3002440084906, 'Typ5': 0.0, 'Warteschlangen': 4.195307917888558, 'Auslastung': 0.39589442815249176}}
Steps = 340
Return = -65.44
Info = {'Typ1': 723.9473428916941, 'Typ2': 460.02917171761675, 'Typ3': 1156.9122202870853, 'Typ4': 3601.52821671903, 'Typ5': 0.0, 'Warteschlangen': 5.253216374269002, 'Auslastung': 0.414035087719297, 'Av_Warteschlangen': 0.9485380116959046, 'Av_Auslastung': 0.4116959064327492, 'Soll': 0.7478260869565216, 'episode': {'r': -65.44, 'l': 340, 't': 8420.298169, 'Typ1': 723.9473428916941, 'Typ2': 460.02917171761675, 'Typ3': 1156.9122202870853, 'Typ4': 3601.52821671903, 'Typ5': 0.0, 'Warteschlangen': 5.253216374269002, 'Auslastung': 0.414035087719297}}
