Steps = 341
Return = -198.7000000000003
Info = {'Typ1': 436.1823362183535, 'Typ2': 404.01676617482724, 'Typ3': 0.0, 'Typ4': 9027.880377269865, 'Typ5': 0.0, 'Warteschlangen': 7.104081632653062, 'Auslastung': 0.4644314868804666, 'Av_Warteschlangen': 1.3323615160349809, 'Av_Auslastung': 0.43265306122449154, 'Soll': 0.419277108433735, 'episode': {'r': -198.7, 'l': 341, 't': 8489.484856, 'Typ1': 436.1823362183535, 'Typ2': 404.01676617482724, 'Typ3': 0.0, 'Typ4': 9027.880377269865, 'Typ5': 0.0, 'Warteschlangen': 7.104081632653062, 'Auslastung': 0.4644314868804666}}
Steps = 337
Return = -82.55999999999997
Info = {'Typ1': 848.9560572146875, 'Typ2': 353.43503807420035, 'Typ3': 1756.1516330272202, 'Typ4': 3792.27684429139, 'Typ5': 728.1179380832436, 'Warteschlangen': 4.868731563421828, 'Auslastung': 0.39557522123893735, 'Av_Warteschlangen': 0.930973451327434, 'Av_Auslastung': 0.41946902654867335, 'Soll': 0.7668797868797869, 'episode': {'r': -82.56, 'l': 337, 't': 8522.472014, 'Typ1': 848.9560572146875, 'Typ2': 353.43503807420035, 'Typ3': 1756.1516330272202, 'Typ4': 3792.27684429139, 'Typ5': 728.1179380832436, 'Warteschlangen': 4.868731563421828, 'Auslastung': 0.39557522123893735}}
Steps = 346
Return = -205.76000000000033
Info = {'Typ1': 581.3992680388349, 'Typ2': 332.95920303592743, 'Typ3': 0.0, 'Typ4': 8662.829331777059, 'Typ5': 0.0, 'Warteschlangen': 7.149137931034479, 'Auslastung': 0.44683908045977005, 'Av_Warteschlangen': 1.3724137931034444, 'Av_Auslastung': 0.42758620689655363, 'Soll': 0.4164383561643835, 'episode': {'r': -205.76, 'l': 346, 't': 8556.444432, 'Typ1': 581.3992680388349, 'Typ2': 332.95920303592743, 'Typ3': 0.0, 'Typ4': 8662.829331777059, 'Typ5': 0.0, 'Warteschlangen': 7.149137931034479, 'Auslastung': 0.44683908045977005}}
Steps = 341
Return = -206.58000000000018
Info = {'Typ1': 801.8977913406816, 'Typ2': 403.0937233286586, 'Typ3': 0.0, 'Typ4': 9090.89046454696, 'Typ5': 0.0, 'Warteschlangen': 7.49475218658892, 'Auslastung': 0.4376093294460644, 'Av_Warteschlangen': 1.4454810495626793, 'Av_Auslastung': 0.42798833819242127, 'Soll': 0.41159420289855075, 'episode': {'r': -206.58, 'l': 341, 't': 8590.023893, 'Typ1': 801.8977913406816, 'Typ2': 403.0937233286586, 'Typ3': 0.0, 'Typ4': 9090.89046454696, 'Typ5': 0.0, 'Warteschlangen': 7.49475218658892, 'Auslastung': 0.4376093294460644}}
