Steps = 302
Return = -7.539999999999999
Info = {'Typ1': 360.51472039365865, 'Typ2': 335.4577816224976, 'Typ3': 674.0028706968479, 'Typ4': 839.504715036674, 'Typ5': 839.1964159398815, 'Warteschlangen': 0.20427631578947394, 'Auslastung': 0.3325657894736837, 'Av_Warteschlangen': 0.14934210526315797, 'Av_Auslastung': 0.44407894736842124, 'Soll': 0.9844893314366999, 'episode': {'r': -7.54, 'l': 302, 't': 5257.628415, 'Typ1': 360.51472039365865, 'Typ2': 335.4577816224976, 'Typ3': 674.0028706968479, 'Typ4': 839.504715036674, 'Typ5': 839.1964159398815, 'Warteschlangen': 0.20427631578947394, 'Auslastung': 0.3325657894736837}}
Steps = 304
Return = -7.359999999999987
Info = {'Typ1': 355.9869694597181, 'Typ2': 372.1230253006097, 'Typ3': 713.0978344321508, 'Typ4': 757.393786674654, 'Typ5': 869.2111793079212, 'Warteschlangen': 0.293790849673203, 'Auslastung': 0.36176470588235254, 'Av_Warteschlangen': 0.17516339869281075, 'Av_Auslastung': 0.46013071895424823, 'Soll': 0.9804761904761904, 'episode': {'r': -7.36, 'l': 304, 't': 5283.808709, 'Typ1': 355.9869694597181, 'Typ2': 372.1230253006097, 'Typ3': 713.0978344321508, 'Typ4': 757.393786674654, 'Typ5': 869.2111793079212, 'Warteschlangen': 0.293790849673203, 'Auslastung': 0.36176470588235254}}
Steps = 304
Return = -12.519999999999975
Info = {'Typ1': 374.6826997605929, 'Typ2': 351.56712445145575, 'Typ3': 774.3717786748041, 'Typ4': 1007.9373914746441, 'Typ5': 959.2811681026346, 'Warteschlangen': 0.5375816993464055, 'Auslastung': 0.34411764705882286, 'Av_Warteschlangen': 0.24575163398692867, 'Av_Auslastung': 0.46078431372549067, 'Soll': 0.9733520241281169, 'episode': {'r': -12.52, 'l': 304, 't': 5309.566597, 'Typ1': 374.6826997605929, 'Typ2': 351.56712445145575, 'Typ3': 774.3717786748041, 'Typ4': 1007.9373914746441, 'Typ5': 959.2811681026346, 'Warteschlangen': 0.5375816993464055, 'Auslastung': 0.34411764705882286}}
Steps = 311
Return = -21.419999999999956
Info = {'Typ1': 359.5889698012527, 'Typ2': 342.85301115347875, 'Typ3': 1059.7035463615728, 'Typ4': 1079.345045487785, 'Typ5': 1376.001975250235, 'Warteschlangen': 1.446006389776358, 'Auslastung': 0.34313099041533496, 'Av_Warteschlangen': 0.4607028753993618, 'Av_Auslastung': 0.45303514376996845, 'Soll': 0.9707915273132665, 'episode': {'r': -21.42, 'l': 311, 't': 5335.258762, 'Typ1': 359.5889698012527, 'Typ2': 342.85301115347875, 'Typ3': 1059.7035463615728, 'Typ4': 1079.345045487785, 'Typ5': 1376.001975250235, 'Warteschlangen': 1.446006389776358, 'Auslastung': 0.34313099041533496}}
Steps = 306
Return = -9.699999999999983
Info = {'Typ1': 393.29151682698404, 'Typ2': 358.43695641153465, 'Typ3': 759.3254120643735, 'Typ4': 912.6433497299705, 'Typ5': 862.5817165624417, 'Warteschlangen': 0.4071428571428571, 'Auslastung': 0.34610389610389575, 'Av_Warteschlangen': 0.21753246753246766, 'Av_Auslastung': 0.4616883116883122, 'Soll': 0.9841318681318683, 'episode': {'r': -9.7, 'l': 306, 't': 5361.267066, 'Typ1': 393.29151682698404, 'Typ2': 358.43695641153465, 'Typ3': 759.3254120643735, 'Typ4': 912.6433497299705, 'Typ5': 862.5817165624417, 'Warteschlangen': 0.4071428571428571, 'Auslastung': 0.34610389610389575}}
