Steps = 302
Return = -62.7
Info = {'Typ1': 372.9421834069751, 'Typ2': 342.19423758678937, 'Typ3': 549.5078960107644, 'Typ4': 1144.8837775279794, 'Typ5': 1015.8386686383897, 'Warteschlangen': 0.19309210526315793, 'Auslastung': 51.591447368421136, 'Av_Warteschlangen': 0.11578947368421051, 'Av_Auslastung': 3.2703947368421042, 'Soll': 0.7904175824175824, 'episode': {'r': -62.7, 'l': 302, 't': 9406.135828, 'Typ1': 372.9421834069751, 'Typ2': 342.19423758678937, 'Typ3': 549.5078960107644, 'Typ4': 1144.8837775279794, 'Typ5': 1015.8386686383897, 'Warteschlangen': 0.19309210526315793, 'Auslastung': 51.591447368421136}}
